2006;12;16;5;50.89124577093606;20152.93332529068
2006;12;17;6;39.24143521040678;56507.66670298576
2006;12;18;0;25.50724535468552;36730.43331074715
2006;12;19;1;19.284652802017;27769.90003490448
2006;12;20;2;25.76097222003672;37095.799996852875
2006;12;21;3;19.895966637117972;28610.400024175644
2006;12;22;4;27.09881948861811;39022.30006361008
2006;12;23;5;55.24752317120632;79556.4333665371
2006;12;24;6;29.514027741882536;42500.19994831085
2006;12;25;0;31.74907406585084;45718.66665482521
2006;12;26;1;45.53368063006136;65568.50010728836
2006;12;27;2;17.693981466193993;25479.33331131935
2006;12;28;3;23.98886568893989;34543.96659207344
2006;12;29;4;36.74064811054203;52906.53327918053
2006;12;30;5;32.32848868068302;46488.36672282219
2006;12;31;6;40.442083309921955;58236.59996628761
2007;1;1;0;31.81717586848471;45816.73325061798
2007;1;2;1;14.690231486492687;21153.93334054947
2007;1;3;2;11.73673611101177;16900.89999985695
2007;1;4;3;37.72467588252491;54323.53327083588
2007;1;5;4;31.40467595524258;45222.73337554932
2007;1;6;5;17.45807871123155;25139.63334417343
2007;1;7;6;28.32893517712752;40793.66665506363
2007;1;8;0;25.94166665789154;37355.999987363815
2007;1;9;1;21.63256942745712;31150.899975538254
2007;1;10;2;24.939814811613825;35913.33332872391
2007;1;11;3;26.101782418125204;37586.566682100296
2007;1;12;4;16.913148143556384;24354.93332672119
2007;1;13;5;36.884421309332055;53113.566685438156
2007;1;14;6;34.83687750774593;50130.26673364639
2007;1;15;0;24.868958324525092;35811.29998731613
2007;1;16;1;19.518564797606732;28106.733308553696
2007;1;17;2;32.959351846575736;47461.46665906906
2007;1;18;3;21.081736104687057;30357.69999074936
2007;1;19;4;17.13472219804923;24673.999965190887
2007;1;20;5;36.27004633794228;52228.86672663689
2007;1;21;6;39.43590277896987;56787.700001716614
2007;1;22;0;25.237199089096652;36341.56668829918
2007;1;23;1;20.574537033836048;29627.333328723907
2007;1;24;2;34.581643459366425;49797.566581487656
2007;1;25;3;18.476203724410798;26605.73336315155
2007;1;26;4;18.726527801983885;26966.200034856796
2007;1;27;5;23.6582407368554;34067.86666107178
2007;1;28;6;35.79110493852166;51503.40000653267
2007;1;29;0;22.947499993609057;33044.39999079704
2007;1;30;1;19.766180557674833;28463.300003051758
2007;1;31;2;27.358240788678327;39395.86673569679
2007;2;1;3;21.1199074137542;30412.666675806046
2007;2;2;4;19.302500010033448;27795.600014448166
2007;2;3;5;46.640300870272846;67162.0332531929
2007;2;4;6;41.61967592106925;59932.33332633972
2007;2;5;0;19.042592588398193;27421.333327293396
2007;2;6;1;14.739351846112145;21224.66665840149
2007;2;7;2;26.944652808043692;38800.300043582916
2007;2;8;3;20.84969905962547;30023.566645860672
2007;2;9;4;18.75229165405035;27003.299981832504
2007;2;10;5;32.74685185187393;47155.466666698456
2007;2;11;6;41.33365741007858;59520.46667051315
2007;2;12;0;21.731597205665377;31293.499976158142
2007;2;13;1;16.372060196267235;23575.766682624817
2007;2;14;2;28.919814815455013;41644.53333425522
2007;2;15;3;22.97854167951478;33089.10001850128
2007;2;16;4;19.70518523057302;28375.466732025146
2007;2;17;5;24.03833331167698;34615.19996881485
2007;2;18;6;44.3259490761492;63829.366669654846
2007;2;19;0;25.308032427397038;36443.56669545174
2007;2;20;1;36.45750000079473;52498.80000114441
2007;2;21;2;23.99159722112947;34547.89999842644
2007;2;22;3;39.05282796307963;56157.96661090851
2007;2;23;4;15.202314827839533;21891.33335208893
2007;2;24;5;8.274560216069222;11915.366711139679
2007;2;25;6;5.807175954182942;8362.333374023438
2007;2;26;0;6.579675937030051;9474.733349323273
2007;2;27;1;5.99666668176651;8635.200021743774
2007;2;28;2;6.02747686472204;8679.566685199738
2007;3;1;3;5.990324084791872;8626.066682100296
2007;3;2;4;5.9686111143893665;8594.800004720688
2007;3;3;5;9.48057871080107;13652.033343553543
2007;3;4;6;24.197916653752326;34844.99998140335
2007;3;5;0;30.79087961713473;44338.86664867401
2007;3;6;1;14.427083330187532;20774.999995470047
2007;3;7;2;27.49081020090315;39586.76668930054
2007;3;8;3;18.19597222424216;26202.200002908707
2007;3;9;4;14.729305543502171;21210.199982643127
2007;3;10;5;28.758240732219484;41411.86665439606
2007;3;11;6;40.2851389164726;58010.600039720535
2007;3;12;0;22.577175955308807;32511.133375644684
2007;3;13;1;14.932222219804922;21502.39999651909
2007;3;14;2;20.756527775526045;29889.399996757507
2007;3;15;3;21.814976843198142;31413.566654205322
2007;3;16;4;19.6996990872754;28367.566685676575
2007;3;17;5;23.473263931274413;33801.500061035156
2007;3;18;6;27.44266203360425;39517.43332839012
2007;3;19;0;24.913402785029675;35875.300010442734
2007;3;20;1;24.14615742597315;34770.46669340134
2007;3;21;2;24.79273146275017;35701.533306360245
2007;3;22;3;16.840023158821793;24249.633348703384
2007;3;23;4;15.150555534826385;21816.799970149994
2007;3;24;5;34.35682869652907;49473.83332300186
2007;3;25;6;38.63937919118323;55602.06665611267
2007;3;26;0;16.38983795642853;23601.36665725708
2007;3;27;1;12.790972239110205;18419.000024318695
2007;3;28;2;27.012708386282124;38898.30007624626
2007;3;29;3;18.40747683909204;26506.76664829254
2007;3;30;4;16.23141199681494;23373.233275413513
2007;3;31;5;40.619328713417055;58491.83334732056
2007;4;1;6;32.24481481893195;46432.53333926201
2007;4;2;0;22.694189838899508;32679.63336801529
2007;4;3;1;19.014120379587016;27380.3333466053
2007;4;4;2;23.748472200168504;34197.799968242645
2007;4;5;3;21.343495370778772;30734.633333921432
2007;4;6;4;18.531712979906136;26685.666691064835
2007;4;7;5;17.98523150169187;25898.733362436295
2007;4;8;6;18.6205555682381;26813.600018262863
2007;4;9;0;11.58472223646111;16682.000020503998
2007;4;10;1;8.997268539501562;12956.066696882248
2007;4;11;2;10.27178240434991;14791.36666226387
2007;4;12;3;6.223449081844754;8961.766677856445
2007;4;13;4;6.377569451928139;9183.70001077652
2007;4;14;5;6.415138900776705;9237.800017118454
2007;4;15;6;8.404675943652789;12102.733358860016
2007;4;16;0;11.023032400343153;15873.16665649414
2007;4;17;1;14.163587947355376;20395.566644191742
2007;4;18;2;11.553773154318332;16637.4333422184
2007;4;19;3;11.905763891339301;17144.300003528595
2007;4;20;4;9.520601860185463;13709.666678667068
2007;4;21;5;19.37101850907008;27894.266653060913
2007;4;22;6;25.853171351717577;37228.56674647331
2007;4;23;0;12.205625001672242;17576.100002408028
2007;4;24;1;11.945601868546671;17201.666690707207
2007;4;25;2;14.63150463178754;21069.366669774055
2007;4;26;3;14.762337964193689;21257.76666843891
2007;4;27;4;12.665879633277655;18238.866671919823
2007;4;28;5;18.046031770252046;378.96666717529297
2007;4;30;0;12.176562494287888;7013.699996709824
2007;5;1;1;19.2576157518559;27730.9666826725
2007;5;2;2;11.614421290159225;16724.766657829285
2007;5;3;3;12.618495379305548;18170.63334619999
2007;5;4;4;11.55240739658475;16635.46665108204
2007;5;5;5;18.090879620611666;26050.8666536808
2007;5;6;6;24.329907407197688;35035.06666636467
2007;5;7;0;19.023888911141288;27394.400032043457
2007;5;8;1;20.7093981752793;29821.53337240219
2007;5;9;2;19.27935184902615;27762.266662597656
2007;5;10;3;8.19310186199016;11798.066681265831
2007;5;11;4;11.332800927592649;16319.233335733414
2007;5;12;5;16.68479165484508;24026.099982976913
2007;5;13;6;18.920578693184588;27245.633318185806
2007;5;14;0;16.988217599524393;24463.033343315125
2007;5;15;1;10.467499992416965;15073.199989080429
2007;5;16;2;19.59425922814343;28215.733288526535
2007;5;17;3;14.257129641208383;20530.266683340073
2007;5;18;4;18.883449068168797;27192.16665816307
2007;5;19;5;16.544467613432143;23824.033363342285
2007;5;20;6;22.781574098103576;32805.46670126915
2007;5;21;0;12.963680566185051;18667.700015306473
2007;5;22;1;13.111712962885697;18880.866666555405
2007;5;23;2;16.95527778201633;24415.600006103516
2007;5;24;3;13.360972267720435;19239.800065517426
2007;5;25;4;18.68310182938973;26903.666634321213
2007;5;26;5;17.50287037541469;25204.133340597153
2007;5;27;6;24.928333362771404;35896.80004239082
2007;5;28;0;18.952175920042727;27291.133324861526
2007;5;29;1;12.284027786221769;17689.000012159348
2007;5;30;2;18.63270835098293;26831.10002541542
2007;5;31;3;10.862847208811177;15642.499980688095
2007;6;1;4;12.10236277391382;17415.300031661987
2007;6;2;5;17.18011573586199;24739.366659641266
2007;6;3;6;24.398449033333197;35133.7666079998
2007;6;4;0;10.551134247912302;15193.633316993713
2007;6;5;1;16.88532410181231;24314.866706609726
2007;6;6;2;19.61591382420999;28227.299993038177
2007;6;7;3;11.400486107998423;16416.69999551773
2007;6;8;4;24.861643525958062;35800.76667737961
2007;6;9;5;12.598835025466288;17663.566705703735
2007;6;10;6;15.518657407578495;22346.866666913033
2007;6;11;0;9.197384260843197;13244.233335614204
2007;6;12;1;10.633865749173694;15312.76667881012
2007;6;13;2;10.73231481421325;15454.53333246708
2007;6;14;3;14.572731491261058;20984.733347415924
2007;6;15;4;11.453749991787804;16493.39998817444
2007;6;16;5;23.353726854506466;33629.36667048931
2007;6;17;6;22.53576388226615;32451.499990463257
2007;6;18;0;7.852708337869909;11307.900006532669
2007;6;19;1;9.763096893281366;14039.333332538605
2007;6;20;2;12.433865730050538;17904.766651272774
2007;6;21;3;9.339652793026632;13449.100021958351
2007;6;22;4;6.554328732772006;9438.233375191689
2007;6;23;5;5.527384270727635;7959.433349847794
2007;6;24;6;8.271481461160713;11910.933304071426
2007;6;25;0;12.409745353377527;17870.03330886364
2007;6;26;1;10.936435184710556;15748.4666659832
2007;6;27;2;17.139189805090428;24680.433319330215
2007;6;28;3;14.993495384520955;21590.633353710175
2007;6;29;4;15.10537408059301;21736.633301973343
2007;6;30;5;15.45502316272921;22255.233354330063
2007;7;1;6;11.882685196399688;17111.06668281555
2007;7;2;0;11.19249999175469;16117.199988126755
2007;7;3;1;12.267499976522393;17665.199966192245
2007;7;4;2;11.613541663189729;16723.49999499321
2007;7;5;3;12.237152770823903;17621.49998998642
2007;7;6;4;12.378749988642003;17825.399983644485
2007;7;7;5;15.719976856062809;22636.766672730446
2007;7;8;6;12.605092580119768;18151.333315372467
2007;7;9;0;13.659236115051641;19669.300005674362
2007;7;10;1;10.513009242382314;15138.733309030533
2007;7;11;2;8.360555560390155;12039.200006961823
2007;7;12;3;12.379421299033694;17826.36667060852
2007;7;13;4;9.194236096574201;13239.699979066849
2007;7;14;5;14.909374988492992;21469.49998342991
2007;7;15;6;11.666971994174347;15283.733312368393
2007;7;16;0;9.880486126244069;14227.900021791458
2007;7;17;1;8.329074080288411;11993.86667561531
2007;7;18;2;8.762523136370712;12618.033316373825
2007;7;19;3;7.845902772910065;11298.099992990494
2007;7;20;4;12.852106492055787;18507.033348560333
2007;7;21;5;12.27138891029689;17670.800030827522
2007;7;22;6;15.934375738252609;22929.566687345505
2007;7;23;0;11.470115736209683;16516.966660141945
2007;7;24;1;9.551898148076402;13754.733333230019
2007;7;25;2;5.469444450736046;7876.000009059906
2007;7;26;3;10.700231474803553;15408.333323717117
2007;7;27;4;13.917986118876271;20041.90001118183
2007;7;28;5;18.77155094328854;27031.033358335495
2007;7;29;6;3.7166203717390696;5351.93333530426
2007;7;30;0;5.402962978349792;7780.2666888237
2007;7;31;1;9.401990748445193;13538.866677761078
2007;8;1;2;12.454052142058568;17672.299989581108
2007;8;2;3;11.798796286847857;16990.266653060913
2007;8;3;4;12.307453687985738;17722.733310699463
2007;8;4;5;13.252199087209172;19083.166685581207
2007;8;5;6;9.109930556350283;13118.30000114441
2007;8;6;0;12.61249998592668;18161.99997973442
2007;8;7;1;17.171064814511272;24726.333332896233
2007;8;8;2;13.026412031799556;18758.03332579136
2007;8;9;3;12.403703703400161;17861.333332896233
2007;8;10;4;11.89826388657093;17133.49999666214
2007;8;11;5;12.634837949358754;18194.166647076607
2007;8;12;6;14.373888899468714;20698.400015234947
2007;8;13;0;13.345046314100424;19216.86669230461
2007;8;14;1;10.89340278820859;15686.50001502037
2007;8;15;2;13.794675915605492;19864.33331847191
2007;8;16;3;11.09370369679398;15974.933323383331
2007;8;17;4;11.68856478523877;16831.533290743828
2007;8;18;5;4.02731481269002;5799.333330273628
2007;8;19;6;16.46173609892527;23704.899982452393
2007;8;20;0;15.495856499092447;22314.033358693123
2007;8;21;1;7.436990736342139;10709.26666033268
2007;8;22;2;14.002407389630873;20163.46664106846
2007;8;23;3;12.873981482618385;18538.533334970474
2007;8;24;4;19.182464675409584;27603.56666791439
2007;8;25;5;13.320370370977455;19181.333334207535
2007;8;26;6;15.218819450587034;21915.10000884533
2007;8;27;0;14.024652758406269;20195.499972105026
2007;8;28;1;11.539398152298398;16616.733339309692
2007;8;29;2;8.657314797159698;12466.533307909966
2007;8;30;3;13.917337975982162;20040.966685414314
2007;8;31;4;14.812754624502526;21330.366659283638
2007;9;1;5;19.69312501707011;28358.100024580956
2007;9;2;6;19.241527764085266;27707.799980282784
2007;9;3;0;12.024560196035438;17315.36668229103
2007;9;4;1;18.344259250164033;26415.733320236206
2007;9;5;2;14.312175919860602;20609.533324599266
2007;9;6;3;10.433726854705148;15024.566670775414
2007;9;7;4;15.468703689012262;22274.933312177658
2007;9;8;5;17.01101852912042;24495.866681933403
2007;9;9;6;19.438680553436278;27991.699996948242
2007;9;10;0;12.932592583116557;18622.933319687843
2007;9;11;1;11.383935199264023;16392.866686940193
2007;9;12;2;14.904675916582345;21462.73331987858
2007;9;13;3;13.268310194793674;19106.36668050289
2007;9;14;4;13.142013871338632;18924.49997472763
2007;9;15;5;12.677222239640024;18255.200025081635
2007;9;16;6;19.122963000171715;27537.06672024727
2007;9;17;0;16.911875011689133;24353.10001683235
2007;9;18;1;13.512962969972028;19458.66667675972
2007;9;19;2;15.031064812590678;21644.733330130577
2007;9;20;3;14.531620379537344;20925.533346533775
2007;9;21;4;14.337731491691537;20646.333348035812
2007;9;22;5;13.613101874126329;19602.866698741913
2007;9;23;6;16.41168982502487;23632.833348035812
2007;9;24;0;15.677430588172541;22575.50004696846
2007;9;25;1;20.420624979668194;29405.6999707222
2007;9;26;2;21.120352337191267;30371.066660881042
2007;9;27;3;16.118055567642052;23210.000017404556
2007;9;28;4;19.450208330154418;28008.299995422363
2007;9;29;5;26.580115722119807;38275.366639852524
2007;9;30;6;17.549652778936757;25271.50000166893
2007;10;1;0;19.918078692091836;28682.033316612244
2007;10;2;1;25.449814771943622;36647.733271598816
2007;10;3;2;14.820069434742132;21340.89998602867
2007;10;4;3;17.574745411674183;25307.63339281082
2007;10;5;4;16.135324059261215;23234.86664533615
2007;10;6;5;20.32685187343094;29270.666697740555
2007;10;7;6;24.376319424973595;35101.899971961975
2007;10;8;0;12.676412042975425;18254.033341884613
2007;10;9;1;19.535393533607323;28130.966688394547
2007;10;10;2;13.506620380116834;19449.53334736824
2007;10;11;3;20.0514583296246;28874.099994659424
2007;10;12;4;22.158611064487033;31908.399932861328
2007;10;13;5;22.3000926150216;32112.133365631104
2007;10;14;6;23.857083343300555;34354.2000143528
2007;10;15;0;14.6565972170896;21105.499992609024
2007;10;16;1;22.736597227719095;32740.700007915497
2007;10;17;2;18.251504659983848;26282.16671037674
2007;10;18;3;17.57557867914438;25308.83329796791
2007;10;19;4;24.139444451530775;34760.800010204315
2007;10;20;5;19.215810220936934;27670.766718149185
2007;10;21;6;22.476157393554846;32365.66664671898
2007;10;22;0;19.130740767551792;27548.266705274582
2007;10;23;1;22.654705598722412;32577.46665096283
2007;10;24;2;21.593009259137844;31093.933333158493
2007;10;25;3;21.457384246587754;30898.633315086365
2007;10;26;4;16.63851852416992;23959.466674804688
2007;10;27;5;20.667685199611718;29761.466687440872
2007;10;28;6;5.927754620711009;8535.966653823853
2007;10;29;0;6.312824072109328;9090.466663837433
2007;10;30;1;9.386666669944923;13516.800004720688
2007;10;31;2;14.851967613067892;21386.833362817764
2007;11;1;3;5.743240736921629;8270.266661167145
2007;11;2;4;16.70835645960437;24060.03330183029
2007;11;3;5;5.700810169345803;8209.166643857956
2007;11;4;6;17.19543980492486;24761.433319091797
2007;11;5;0;17.367962973647646;25009.866682052612
2007;11;6;1;24.101597248183356;34706.30003738403
2007;11;7;2;21.35136575963762;30745.966693878174
2007;11;8;3;17.37337961908844;25017.66665148735
2007;11;9;4;25.12993056592014;36187.100014925
2007;11;10;5;30.226851864655814;43526.66668510437
2007;11;11;6;21.84171297384633;31452.066682338715
2007;11;12;0;24.955393520991006;35935.76667022705
2007;11;13;1;25.62960645423995;36906.63329410553
2007;11;14;2;23.703634285264545;34133.233370780945
2007;11;15;3;17.26837964091036;24866.46668291092
2007;11;16;4;26.733263895412286;38495.90000939369
2007;11;17;5;30.20942127754291;43501.56663966179
2007;11;18;6;25.276134284337363;36397.6333694458
2007;11;19;0;19.94969906459252;28727.56665301323
2007;11;20;1;24.257592563662264;34930.93329167366
2007;11;21;2;20.28996983677915;29197.2665951252
2007;11;22;3;22.36548613790009;32206.300038576126
2007;11;23;4;29.196967624127865;42043.633378744125
2007;11;24;5;21.979791644050014;31650.899967432022
2007;11;25;6;16.152754658626186;23259.966708421707
2007;11;26;0;18.16800925930341;26161.93333339691
2007;11;27;1;32.419120357599525;46683.53331494331
2007;11;28;2;19.038657381799485;27415.66662979126
2007;11;29;3;19.912323360065358;28653.83331513405
2007;11;30;4;26.987592615187168;38862.13336586952
2007;12;1;5;36.284050873749784;52249.03325819969
2007;12;2;6;34.09939815385474;49103.13334155083
2007;12;3;0;20.39421296086576;29367.666663646698
2007;12;4;1;23.930972203115623;34460.599972486496
2007;12;5;2;24.920370333062277;35885.33327960968
2007;12;6;3;28.795532394117778;41465.5666475296
2007;12;7;4;20.47472221404314;29483.599988222122
2007;12;8;5;25.618101834423012;36890.06664156914
2007;12;9;6;26.326203708681795;37909.733340501785
2007;12;10;0;20.355949080487093;29312.566675901413
2007;12;11;1;26.679444437887934;38418.399990558624
2007;12;12;2;18.380347232023876;26467.70001411438
2007;12;13;3;21.38594908449385;30795.766681671143
2007;12;14;4;22.856574079394342;32913.46667432785
2007;12;15;5;31.676805552674665;45614.59999585152
2007;12;16;6;31.97011576261785;46036.96669816971
2007;12;17;0;20.813829073398953;29951.100036621094
2007;12;18;1;30.361041611764165;43719.8999209404
2007;12;19;2;25.417268528872064;36600.866681575775
2007;12;20;3;22.56664351688491;32495.96666431427
2007;12;21;4;22.946481468776863;33042.93331503868
2007;12;22;5;30.22296296755473;43521.06667327881
2007;12;23;6;27.882500003609394;40150.800005197525
2007;12;24;0;26.132499956422382;37630.79993724823
2007;12;25;1;31.191759260661073;44916.133335351944
2007;12;26;2;29.864351857701937;43004.66667509079
2007;12;27;3;29.307847193876903;42203.29995918274
2007;12;28;4;36.0306944820616;51884.2000541687
2007;12;29;5;38.182361117667625;54982.600009441376
2007;12;30;6;29.617083347009288;42648.600019693375
2007;12;31;0;25.654421306980982;36942.36668205261
2008;1;1;1;31.941412009795506;45995.63329410553
2008;1;2;2;19.029004620512328;27401.76665353775
2008;1;3;3;17.47810182902548;25168.466633796692
2008;1;4;4;26.52606480585204;38197.53332042694
2008;1;5;5;25.269074040320184;36387.466618061066
2008;1;6;6;21.124814814163578;30419.733332395554
2008;1;7;0;19.627476853628952;28263.566669225693
2008;1;8;1;23.652199097474416;34059.16670036316
2008;1;9;2;20.69953703350491;29807.33332824707
2008;1;10;3;21.922175913221306;31567.93331503868
2008;1;11;4;19.743263904915917;28430.30002307892
2008;1;12;5;33.233888915512296;47856.80003833771
2008;1;13;6;33.375677523470486;48027.59995627403
2008;1;14;0;23.436712972819805;33748.86668086052
2008;1;15;1;31.098518519931368;44781.86666870117
2008;1;16;2;24.720509267184468;35597.533344745636
2008;1;17;3;18.197708361347516;26204.700040340424
2008;1;18;4;25.312361114720503;36449.800005197525
2008;1;19;5;22.92020830065012;33005.09995293617
2008;1;20;6;20.143148136470053;29006.133316516876
2008;1;21;0;21.516180571251446;30983.30002260208
2008;1;22;1;26.90993056760894;38750.30001735687
2008;1;23;2;21.78597222632832;31371.80000591278
2008;1;24;3;19.03960649155908;27417.033347845078
2008;1;25;4;25.92425926658842;37330.93334388733
2008;1;26;5;32.81236114402612;47249.80004739761
2008;1;27;6;27.56673612727059;39696.10002326965
2008;1;28;0;26.715231473578346;38469.93332195282
2008;1;29;1;30.972499963310028;44600.39994716644
2008;1;30;2;18.988958307438427;27344.099962711334
2008;1;31;3;22.61483798424403;32565.3666973114
2008;2;1;4;17.762175947096612;25577.533363819122
2008;2;2;5;34.00548988452299;48933.89994382858
2008;2;3;6;24.126944456001123;34742.80001664162
2008;2;4;0;18.8441898415486;27135.633371829987
2008;2;5;1;28.616388863821825;41207.59996390343
2008;2;6;2;19.32337962653902;27825.666662216187
2008;2;7;3;17.573032429979907;25305.166699171066
2008;2;8;4;22.575972216493554;32509.399991750717
2008;2;9;5;24.3318981235226;35037.93329787254
2008;2;10;6;25.28604163908296;36411.899960279465
2008;2;11;0;19.58351852612363;28200.266677618027
2008;2;12;1;23.0069212988019;33129.966670274734
2008;2;13;2;21.99650463345978;31674.966672182083
2008;2;14;3;18.572013909121356;26743.70002913475
2008;2;15;4;23.208425936102866;33420.13334798813
2008;2;16;5;27.16375000708633;39115.800010204315
2008;2;17;6;22.376944470736717;32222.80003786087
2008;2;18;0;17.527824053499433;25240.066637039185
2008;2;19;1;24.6170833296246;35448.599994659424
2008;2;20;2;26.08553241259522;37563.166674137115
2008;2;21;3;18.910300918089018;27230.833322048187
2008;2;22;4;20.052824107474752;28876.06671476364
2008;2;23;5;21.256026911967652;30566.166699409485
2008;2;24;6;14.618148149549961;21050.133335351944
2008;2;25;0;5.838981478578514;8408.133329153061
2008;2;26;1;5.869444450239341;8452.00000834465
2008;2;27;2;6.559259262515439;9445.333338022232
2008;2;28;3;5.893333325286706;8486.399988412857
2008;2;29;4;15.432268488407136;22222.466623306274
2008;3;1;5;13.216157356566853;19031.26659345627
2008;3;2;6;13.451689835555024;19370.433363199234
2008;3;3;0;12.043402728769514;17342.4999294281
2008;3;4;1;19.317013885080815;27816.499994516373
2008;3;5;2;23.578796329432063;33953.46671438217
2008;3;6;3;28.97231482134925;41720.13334274292
2008;3;7;4;21.561990760432348;31049.266695022583
2008;3;8;5;26.026157395707237;37477.66664981842
2008;3;9;6;18.060856490002738;26007.633345603943
2008;3;10;0;18.73479168928332;26978.100032567978
2008;3;11;1;25.463449070023167;36667.36666083336
2008;3;12;2;20.535092579821747;29570.533314943314
2008;3;13;3;19.39252315660318;27925.233345508575
2008;3;14;4;25.581249979303944;36836.99997019768
2008;3;15;5;18.244212989343538;26271.666704654694
2008;3;16;6;20.856018530991342;30032.666684627533
2008;3;17;0;19.75599537193775;28448.633335590363
2008;3;18;1;22.194050925307803;31959.433332443237
2008;3;19;2;15.144074066976707;21807.466656446457
2008;3;20;3;14.505486122270424;20887.900016069412
2008;3;21;4;23.91715277383725;34440.69999432564
2008;3;22;5;23.76754631631904;34225.26669549942
2008;3;23;6;26.921180540323256;38766.49997806549
2008;3;24;0;22.870836221815566;32911.1333231926
2008;3;25;1;23.331666671567493;33597.60000705719
2008;3;26;2;18.90592592606942;27224.533333539963
2008;3;27;3;15.86599538806412;22847.033358812332
2008;3;28;4;21.822037021650207;31423.7333111763
2008;3;29;5;28.601273126900196;41185.83330273628
2008;3;30;6;24.84250002420611;35773.200034856796
2008;3;31;0;15.944097213943799;22959.49998807907
2008;4;1;1;24.64180555674765;35484.200001716614
2008;4;2;2;19.57953703055779;28194.53332400322
2008;4;3;3;13.064305563602183;18812.600011587143
2008;4;4;4;18.887939826150735;27198.63334965706
2008;4;5;5;22.80974535163906;32846.033306360245
2008;4;6;6;19.633310245805315;28271.966753959656
2008;4;7;0;17.81062498655584;25647.29998064041
2008;4;8;1;30.758287046021884;44291.933346271515
2008;4;9;2;14.107083370288214;20314.200053215027
2008;4;10;3;17.10354168580638;24629.100027561188
2008;4;11;4;21.73222224778599;31294.40003681183
2008;4;12;5;32.40756949616803;46666.900074481964
2008;4;13;6;25.844745410482087;37216.43339109421
2008;4;14;0;18.397939817441834;26493.03333711624
2008;4;15;1;19.333402799897723;27840.100031852722
2008;4;16;2;17.23453705277708;24817.733355998993
2008;4;17;3;16.15581019785669;23264.366684913635
2008;4;18;4;21.555439802010856;31039.83331489563
2008;4;19;5;26.08460650112894;37561.83336162567
2008;4;20;6;20.73400465581152;29856.96670436859
2008;4;21;0;13.474027801553408;19402.600034236908
2008;4;22;1;18.83884258667628;27127.933324813843
2008;4;23;2;15.709814859429995;22622.133397579193
2008;4;24;3;12.080694456895193;17396.200017929077
2008;4;25;4;14.672847234540516;21128.900017738342
2008;4;26;5;10.453310176730156;15052.766654491425
2008;4;27;6;11.66944447060426;16804.000037670135
2008;4;28;0;7.627916691369481;10984.200035572052
2008;4;29;1;22.831203737854956;32876.93338251114
2008;4;30;2;12.751458313067754;18362.099970817566
2008;5;1;3;6.666828714476692;9600.233348846436
2008;5;2;4;17.335277761684523;24962.799976825714
2008;5;3;5;14.925925960143408;21493.333382606506
2008;5;4;6;17.025115766127904;24516.166703224182
2008;5;5;0;15.820972247256172;22782.20003604889
2008;5;6;1;20.717361099852457;29832.999983787537
2008;5;7;2;13.614166696866354;19604.40004348755
2008;5;8;3;24.498819457822375;35278.30001926422
2008;5;9;4;20.223055561383564;29121.200008392334
2008;5;10;5;22.096388882398607;31818.79999065399
2008;5;11;6;18.64490743478139;26848.666706085205
2008;5;12;0;17.641250004039872;25403.400005817413
2008;5;13;1;17.093680537409252;24614.899973869324
2008;5;14;2;18.33636572543118;26404.366644620895
2008;5;15;3;13.457962950732973;19379.46664905548
2008;5;16;4;19.10095037919921;27467.166645288467
2008;5;17;5;19.183495346208414;27624.233298540115
2008;5;18;6;20.879143505460686;30065.966647863388
2008;5;19;0;11.924328720900748;17171.033358097076
2008;5;20;1;18.302476834919716;26355.566642284393
2008;5;21;2;15.325370352301332;22068.53330731392
2008;5;22;3;11.306342583894729;16281.13332080841
2008;5;23;4;17.186527810162968;24748.600046634674
2008;5;24;5;18.289074096580347;26336.2666990757
2008;5;25;6;23.709537027113967;34141.73331904411
2008;5;26;0;14.927199049128426;21495.166630744934
2008;5;27;1;19.77662036584483;28478.33332681656
2008;5;28;2;12.897824064559407;18572.866652965546
2008;5;29;3;13.137453685535325;18917.933307170868
2008;5;30;4;16.171805548171204;23287.39998936653
2008;5;31;5;18.998495394322607;27357.833367824554
2008;6;1;6;21.39902777754598;30814.599999666214
2008;6;2;0;12.430694443815284;17900.19999909401
2008;6;3;1;18.493240755465294;26630.266687870026
2008;6;4;2;18.390185209280915;26481.866701364517
2008;6;5;3;12.963865739107131;18667.96666431427
2008;6;6;4;14.093912042842971;20295.233341693878
2008;6;7;5;21.788009275827143;31374.733357191086
2008;6;8;6;17.85094910611709;25705.36671280861
2008;6;9;0;15.343726863960425;22094.966684103012
2008;6;10;1;12.350578699012598;17784.83332657814
2008;6;11;2;13.00006945679585;18720.100017786026
2008;6;12;3;14.575601828098296;20988.866632461548
2008;6;13;4;21.708130638329333;31237.99998855591
2008;6;14;5;16.029166654414603;23081.999982357025
2008;6;15;6;26.494236157503394;38151.700066804886
2008;6;16;0;15.081527776850594;21717.399998664856
2008;6;17;1;13.253287035061254;19084.733330488205
2008;6;18;2;21.91675927589337;31560.133357286453
2008;6;19;3;18.380578709310956;26468.033341407776
2008;6;20;4;19.399351873166033;27935.066697359085
2008;6;21;5;20.072384265065192;28904.233341693878
2008;6;22;6;18.12981483075354;26106.933356285095
2008;6;23;0;14.48837962647279;20863.26666212082
2008;6;24;1;20.306157404515478;29240.86666250229
2008;6;25;2;14.603819426066346;21029.499973535538
2008;6;26;3;12.222453683118026;17600.333303689957
2008;6;27;4;20.31425925857491;29252.53333234787
2008;6;28;5;13.99074075917403;20146.6666932106
2008;6;29;6;8.673055557741058;12489.200003147125
2008;6;30;0;9.307824068102573;13403.266658067703
2008;7;1;1;14.065277796652582;20254.000027179718
2008;7;2;2;13.277800943288538;19120.033358335495
2008;7;3;3;12.712500001821253;18306.000002622604
2008;7;4;4;10.903009261356459;15700.333336353302
2008;7;5;5;17.003333320882586;24484.799982070923
2008;7;6;6;20.89194442116552;30084.399966478348
2008;7;7;0;11.38182869023747;16389.833313941956
2008;7;8;1;13.03488423542844;18770.233299016953
2008;7;9;2;10.640254620711008;15321.966653823853
2008;7;10;3;14.482361110879316;20854.599999666214
2008;7;11;4;14.51638888882266;20903.599999904633
2008;7;12;5;15.380231473843256;22147.53332233429
2008;7;13;6;14.531223936604857;20895.900020837784
2008;7;14;0;13.170439800288943;18965.433312416077
2008;7;15;1;13.37800922592481;19264.333285331726
2008;7;16;2;12.465995386077298;17951.03335595131
2008;7;17;3;15.267615736358696;21985.36666035652
2008;7;18;4;14.60166665116946;21026.39997768402
2008;7;19;5;15.555717617604468;22400.233369350433
2008;7;20;6;10.897384273178048;15692.233353376389
2008;7;21;0;13.385162026186784;19274.63331770897
2008;7;22;1;8.56761574033234;12337.366666078568
2008;7;23;2;10.910069457855489;15710.500019311905
2008;7;24;3;12.655671309928099;18224.166686296463
2008;7;25;4;10.017754638195038;14425.566679000854
2008;7;26;5;9.440787026451694;13594.733318090439
2008;7;27;6;13.280046309034029;19123.266685009003
2008;7;28;0;9.557916656302082;13763.399985074997
2008;7;29;1;13.50182870891359;19442.63334083557
2008;7;30;2;15.045231494969793;21665.1333527565
2008;7;31;3;16.118495387666755;23210.633358240128
2008;8;1;4;8.559907394647599;12326.266648292542
2008;8;2;5;5.853888870610131;8429.599973678589
2008;8;3;6;5.842384251786603;8413.033322572708
2008;8;4;0;13.040537417804806;18765.333344221115
2008;8;5;1;9.573125010563267;13785.300015211105
2008;8;6;2;3.7744444555706447;5435.2000160217285
2008;8;7;3;3.875972221791744;5581.399999380112
2008;8;8;4;3.4976851863165694;5036.66666829586
2008;8;9;5;4.15421297914452;5982.066689968109
2008;8;10;6;4.074444461199972;5867.20002412796
2008;8;11;0;4.304583334094948;6198.6000010967255
2008;8;12;1;3.3447222348716523;4816.400018215179
2008;8;13;2;3.2706481667856377;4709.733360171318
2008;8;14;3;3.1279861244890426;4504.300019264221
2008;8;15;4;3.1672916787366074;4560.900017380714
2008;8;16;5;3.1807176001369952;4580.233344197273
2008;8;17;6;3.1805092689063814;4579.933347225189
2008;8;18;0;3.168495380298959;4562.633347630501
2008;8;19;1;3.17930556734403;4578.200016975403
2008;8;20;2;3.10731482381622;4474.533346295357
2008;8;21;3;3.024282418439786;4354.966682553291
2008;8;22;4;3.09171297326684;4452.06668150425
2008;8;23;5;2.947245383924908;4244.033352851868
2008;8;24;6;2.948101861692137;4245.266680836678
2008;8;25;0;2.8969675994581645;4171.633343219757
2008;8;26;1;2.9810648274090554;4292.73335146904
2008;8;27;2;2.987430573751529;4301.900026202202
2008;8;28;3;3.1046990896264712;4470.7666890621185
2008;8;29;4;3.097083345966207;4459.800018191338
2008;8;30;5;3.1299074202775956;4507.066685199738
2008;8;31;6;17.38028724413932;25010.233344316483
2008;9;1;0;14.438773148755233;20791.833334207535
2008;9;2;1;16.02030092643367;23069.233334064484
2008;9;3;2;16.070439814031126;23141.43333220482
2008;9;4;3;14.180787039796511;20420.333337306976
2008;9;5;4;10.115277785559496;14566.000011205673
2008;9;6;5;21.627013907333215;31142.90002655983
2008;9;7;6;15.88722223987182;22877.60002541542
2008;9;8;0;15.154212941229343;21822.066635370255
2008;9;9;1;13.42192128813929;19327.566654920578
2008;9;10;2;15.055138876206344;21679.399981737137
2008;9;11;3;11.906412041352855;17145.23333954811
2008;9;12;4;16.11993060509364;23212.70007133484
2008;9;13;5;18.882361131409805;27190.600029230118
2008;9;14;6;18.244513889650502;26272.100001096725
2008;9;15;0;19.649398174550797;28295.13337135315
2008;9;16;1;14.141921285622649;20364.366651296616
2008;9;17;2;17.583449085553486;25320.16668319702
2008;9;18;3;17.422338009046182;25088.166733026505
2008;9;19;4;17.57923612743616;25314.100023508072
2008;9;20;5;15.09953700866964;21743.333292484283
2008;9;21;6;17.743865757518343;25551.166690826416
2008;9;22;0;15.724120388097234;22642.733358860016
2008;9;23;1;14.268379648857646;20546.46669435501
2008;9;24;2;19.888310212228035;28639.166705608368
2008;9;25;3;13.092824091017246;18853.666691064835
2008;9;26;4;16.56770831644535;23857.499975681305
2008;9;27;5;24.623217578563427;35457.43331313133
2008;9;28;6;20.035925947295294;28851.733364105225
2008;9;29;0;17.381226832667988;25028.9666390419
2008;9;30;1;15.914421293139458;22916.76666212082
2008;10;1;2;21.670879633393554;31206.066672086716
2008;10;2;3;15.57108800229099;22422.366723299026
2008;10;3;4;18.664120375116667;26876.333340168
2008;10;4;5;24.311296313338808;35008.266691207886
2008;10;5;6;17.939236127999095;25832.500024318695
2008;10;6;0;16.478958331545194;23729.69999742508
2008;10;7;1;19.98342590133349;28776.133297920227
2008;10;8;2;21.534444435106384;31009.599986553192
2008;10;9;3;22.959282406833438;33061.36666584015
2008;10;10;4;17.573356456226772;25305.633296966553
2008;10;11;5;19.32159721602996;27823.099991083145
2008;10;12;6;22.082638857430883;31798.99995470047
2008;10;13;0;16.92101852165328;24366.266671180725
2008;10;14;1;18.623333324657548;26817.599987506866
2008;10;15;2;24.964074061314264;35948.26664829254
2008;10;16;3;18.329629630843797;26394.66666841507
2008;10;17;4;21.607476833462716;31114.76664018631
2008;10;18;5;25.91655090517468;37319.83330345154
2008;10;19;6;22.823310187127856;32865.56666946411
2008;10;20;0;19.300393512182765;27792.566657543182
2008;10;21;1;23.885601865582995;34395.266686439514
2008;10;22;2;19.051041650440958;27433.49997663498
2008;10;23;3;21.186273141702017;30508.233324050903
2008;10;24;4;24.69011575712098;35553.76669025421
2008;10;25;5;18.171748962415997;25385.933300495148
2008;10;26;6;6.058935182127688;8724.86666226387
2008;10;27;0;6.063564812143643;8731.533329486847
2008;10;28;1;15.362152774963114;22121.499995946884
2008;10;29;2;18.664074103037517;26876.266708374023
2008;10;30;3;12.71527778721518;18310.00001358986
2008;10;31;4;14.882314817607403;21430.53333735466
2008;11;1;5;9.61224532922109;13841.63327407837
2008;11;2;6;10.539513830012746;15176.899915218353
2008;11;3;0;9.810185175471835;14126.666652679443
2008;11;4;1;18.082361129588552;26038.600026607513
2008;11;5;2;36.28391210602389;52248.83343267441
2008;11;6;3;18.384699089494017;26473.966688871384
2008;11;7;4;18.740555564893615;26986.400013446808
2008;11;8;5;20.059467595815658;28885.63333797455
2008;11;9;6;29.84418982664744;42975.633350372314
2008;11;10;0;24.312877706902796;34864.66663169861
2008;11;11;1;28.425347226527002;40932.50000619888
2008;11;12;2;25.341840526490618;36441.566677093506
2008;11;13;3;14.334027781420284;20641.00000524521
2008;11;14;4;18.77011574672328;27028.966675281525
2008;11;15;5;35.088287040260106;50527.13333797455
2008;11;16;6;27.377685186763603;39423.86666893959
2008;11;17;0;17.634675920506318;25393.9333255291
2008;11;18;1;20.243634276588757;29150.83335828781
2008;11;19;2;21.299050936102866;30670.63334798813
2008;11;20;3;19.587222224473955;28205.600003242493
2008;11;21;4;19.374189827839533;27898.83335208893
2008;11;22;5;19.80750000046359;28522.800000667572
2008;11;23;6;39.440861700639864;56755.399987220764
2008;11;24;0;37.18747681909137;53549.96661949158
2008;11;25;1;31.282986122535334;45047.50001645088
2008;11;26;2;17.545763900710476;25265.900017023087
2008;11;27;3;27.34048613326417;39370.300031900406
2008;11;28;4;21.828287057247426;31432.733362436295
2008;11;29;5;28.17902775456508;40577.799966573715
2008;11;30;6;27.79384261088239;40023.13335967064
2008;12;1;0;18.70993055701256;26942.300002098083
2008;12;2;1;20.757453678713905;29890.733297348022
2008;12;3;2;20.31439814567566;29252.73332977295
2008;12;4;3;20.123124998807906;28977.299998283386
2008;12;5;4;23.826597226990593;34310.300006866455
2008;12;6;5;29.211064783732095;42063.93328857422
2008;12;7;6;28.55023147828049;41112.33332872391
2008;12;8;0;21.627731468445724;31143.933314561844
2008;12;9;1;23.184537076784505;33385.73339056969
2008;12;10;2;25.681508476716758;35183.66661310196
2008;12;11;3;16.580115731226073;23875.366652965546
2008;12;12;4;21.01312499642372;30258.89999485016
2008;12;13;5;21.129328711330892;30426.233344316483
2008;12;14;6;23.172685185074805;33368.66666650772
2008;12;15;0;20.780671282609305;29924.166646957397
2008;12;16;1;20.799652754598192;29951.4999666214
2008;12;17;2;24.29150463971827;34979.766681194305
2008;12;18;3;20.10347220400969;28948.999973773956
2008;12;19;4;21.78370366808441;31368.53328204155
2008;12;20;5;25.972921013417885;37375.033338308334
2008;12;21;6;30.597337932553557;44060.16662287712
2008;12;22;0;23.331111099488204;33596.799983263016
2008;12;23;1;20.811203712887234;29968.133346557617
2008;12;24;2;14.694884273244275;21160.633353471756
2008;12;25;3;12.28145833429363;17685.300001382828
2008;12;26;4;14.163564841118124;20395.5333712101
2008;12;27;5;34.40004629890124;49536.066670417786
2008;12;28;6;18.17872683223751;26177.366638422012
2008;12;29;0;6.426828699972894;9254.633327960968
2008;12;30;1;13.833773160643048;19920.63335132599
2008;12;31;2;22.73365740974744;32736.466670036316
2009;1;1;3;16.281157431172;23444.86670088768
2009;1;2;4;26.938773174418344;38791.833371162415
2009;1;3;5;22.14694443990787;31891.59999346733
2009;1;4;6;22.45363427367475;32333.233354091644
2009;1;5;0;18.564814822210206;26733.333343982697
2009;1;6;1;19.558587981263795;28164.366693019867
2009;1;7;2;24.077222268780073;34671.200067043304
2009;1;8;3;18.90358798934354;27221.166704654694
2009;1;9;4;20.7025694668293;29811.700032234192
2009;1;10;5;24.33967594206333;35049.1333565712
2009;1;11;6;22.870231438345378;32933.133271217346
2009;1;12;0;18.394421290854613;26487.966658830643
2009;1;13;1;25.26157404846615;36376.66662979126
2009;1;14;2;20.57310631144287;29604.69998216629
2009;1;15;3;18.102638892994985;26067.80000591278
2009;1;16;4;32.020300953255756;46109.23337268829
2009;1;17;5;38.40069450239341;55297.0000834465
2009;1;18;6;36.50687503616015;52569.90005207062
2009;1;19;0;19.674374994138876;28331.099991559982
2009;1;20;1;20.116064835588137;28967.133363246918
2009;1;21;2;20.1323379803035;28990.56669163704
2009;1;22;3;14.32125001516607;20622.600021839142
2009;1;23;4;22.112685167789458;31842.26664161682
2009;1;24;5;25.471874983112016;36679.499975681305
2009;1;25;6;32.91277776012818;47394.39997458458
2009;1;26;0;19.380462952123747;27907.866651058197
2009;1;27;1;16.493402808904648;23750.500044822693
2009;1;28;2;31.501550915009446;45362.2333176136
2009;1;29;3;18.21409717897574;26228.299937725067
2009;1;30;4;23.831458315253258;34317.29997396469
2009;1;31;5;38.343194457557466;55214.20001888275
2009;2;1;6;21.48668564097177;30124.333268642426
2009;2;2;0;18.55671296467384;26721.666669130325
2009;2;3;1;21.62488427211841;31139.83335185051
2009;2;4;2;28.482916690409184;41015.400034189224
2009;2;5;3;19.08666666696469;27484.800000429153
2009;2;6;4;23.70828700496091;34139.93328714371
2009;2;7;5;36.244629521171255;52192.2665104866
2009;2;8;6;25.264652845760185;36381.10009789467
2009;2;9;0;19.752754616902934;28443.966648340225
2009;2;10;1;22.497939845257335;32397.033377170563
2009;2;11;2;30.54849540690581;43989.83338594437
2009;2;12;3;22.785416643321515;32810.99996638298
2009;2;13;4;19.560439819097517;28167.033339500427
2009;2;14;5;27.035164546900234;38876.566618442535
2009;2;15;6;18.35685184813208;26433.866661310196
2009;2;16;0;15.266134296026495;21983.233386278152
2009;2;17;1;9.200776843533005;13028.300010442734
2009;2;18;2;9.56539348728127;13774.166621685028
2009;2;19;3;8.533194432987107;12287.799983501434
2009;2;20;4;21.767777774731318;31345.599995613098
2009;2;21;5;15.23361111846235;21936.400010585785
2009;2;22;6;25.90831017692884;37307.96665477753
2009;2;23;0;31.639537048008705;45560.93334913254
2009;2;24;1;20.638240748478307;29719.06667780876
2009;2;25;2;13.539861151410474;19497.400058031082
2009;2;26;3;13.389490760697258;19280.866695404053
2009;2;27;4;23.48284721142716;33815.29998445511
2009;2;28;5;18.87442130578889;27179.166680336
2009;3;1;6;28.58033356424667;41127.09999895096
2009;3;2;0;17.100023154417674;24624.03334236145
2009;3;3;1;21.399907394250235;30815.866647720337
2009;3;4;2;21.32094906601641;30702.16665506363
2009;3;5;3;16.687638870543903;24030.19997358322
2009;3;6;4;20.642060195737415;29724.566681861877
2009;3;7;5;19.63502315249708;28274.433339595795
2009;3;8;6;27.282013861835004;39286.099961042404
2009;3;9;0;19.508749982549084;28092.59997487068
2009;3;10;1;21.252430577079455;30603.500030994415
2009;3;11;2;27.846111144125462;40098.400047540665
2009;3;12;3;21.84328703549173;31454.333331108093
2009;3;13;4;16.73055557774173;24092.00003194809
2009;3;14;5;24.873009294768174;35817.13338446617
2009;3;15;6;22.477569457557465;32367.70001888275
2009;3;16;0;15.459022512694379;22245.533395767212
2009;3;17;1;22.36006941050291;32198.49995112419
2009;3;18;2;16.790277771651745;24177.999991178513
2009;3;19;3;13.790879624088605;19858.86665868759
2009;3;20;4;16.94335647440619;24398.433323144913
2009;3;21;5;22.338217616081238;32167.033367156982
2009;3;22;6;19.55057873957687;28152.833384990692
2009;3;23;0;15.005208347241084;21607.50002002716
2009;3;24;1;19.23277774039242;27695.199946165085
2009;3;25;2;21.282106503513123;30646.2333650589
2009;3;26;3;14.016250003543165;20183.400005102158
2009;3;27;4;19.837106468280158;28565.433314323425
2009;3;28;5;26.168703727258578;37682.93336725235
2009;3;29;6;25.655671311252647;36944.16668820381
2009;3;30;0;17.10013891160488;24624.20003271103
2009;3;31;1;21.105115763180784;30391.36669898033
2009;4;1;2;18.994675936798256;27352.333348989487
2009;4;2;3;19.031643514500725;27405.566660881042
2009;4;3;4;15.77847221924199;22720.999995708466
2009;4;4;5;25.361481429139772;36520.53325796127
2009;4;5;6;15.9226388954454;22928.600009441376
2009;4;6;0;16.812893504566617;24210.566646575928
2009;4;7;1;16.667731506956947;24001.533370018005
2009;4;8;2;17.76157406270504;25576.666650295258
2009;4;9;3;21.880462966362636;31507.866671562195
2009;4;10;4;21.32076386180189;30701.89996099472
2009;4;11;5;28.50053244299359;41040.76671791077
2009;4;12;6;24.78023148940669;35683.533344745636
2009;4;13;0;18.528326390681578;26643.73334980011
2009;4;14;1;17.378912058141495;25025.633363723755
2009;4;15;2;14.074791666865348;20267.700000286102
2009;4;16;3;18.10791666176584;26075.39999294281
2009;4;17;4;23.64363426764806;34046.83334541321
2009;4;18;5;17.503078706728086;25204.433337688446
2009;4;19;6;14.889675942063331;21441.133356571198
2009;4;20;0;17.204976881543796;24775.166709423065
2009;4;21;1;21.928217611047955;31576.633359909058
2009;4;22;2;17.317106516162553;24936.63338327408
2009;4;23;3;13.211342593034109;19024.333333969116
2009;4;24;4;13.820000006755192;19900.800009727478
2009;4;25;5;23.40606478816933;33704.73329496384
2009;4;26;6;20.620671332544752;29693.76671886444
2009;4;27;0;15.643842576609718;22527.133310317993
2009;4;28;1;19.74983796808455;28439.766674041748
2009;4;29;2;19.26712961859173;27744.666650772095
2009;4;30;3;21.235671280490028;30579.36664390564
2009;5;1;4;17.509282425377105;25213.36669254303
2009;5;2;5;16.133217596676616;23231.833339214325
2009;5;3;6;18.621273131503;26814.63330936432
2009;5;4;0;19.304189851548937;27798.03338623047
2009;5;5;1;20.040208318167263;28857.899978160858
2009;5;6;2;15.623865746127235;22498.366674423218
2009;5;7;3;11.720462962322765;16877.46666574478
2009;5;8;4;21.494861104422146;30952.59999036789
2009;5;9;5;14.598981454637315;21022.533294677734
2009;5;10;6;22.77683578621107;32775.86669635773
2009;5;11;0;17.559907436039712;25286.266707897186
2009;5;12;1;18.81893519560496;27099.266681671143
2009;5;13;2;14.425902738836076;20773.29994392395
2009;5;14;3;18.59935183243619;26783.066638708115
2009;5;15;4;16.460949072904057;23703.766664981842
2009;5;16;5;23.233541659182972;33456.29998922348
2009;5;17;6;17.867638889286255;25729.400000572205
2009;5;18;0;14.003541662957932;20165.099994659424
2009;5;19;1;18.71925926539633;26955.733342170715
2009;5;20;2;15.12918980717659;21786.03332233429
2009;5;21;3;18.23090276668469;26252.499984025955
2009;5;22;4;12.439884277515942;17913.433359622955
2009;5;23;5;17.71525462799602;25509.96666431427
2009;5;24;6;14.904930547210906;21463.099987983704
2009;5;25;0;15.67240741054217;22568.266671180725
2009;5;26;1;15.514660171609664;22294.56666660309
2009;5;27;2;17.87374998132388;25738.199973106384
2009;5;28;3;13.654351854324341;19662.26667022705
2009;5;29;4;14.384791653686099;20714.099981307983
2009;5;30;5;19.202615768379637;27651.766706466675
2009;5;31;6;11.075115728875002;15948.166649580002
2009;6;1;0;16.704398124747804;24054.33329963684
2009;6;2;1;12.62312500692076;18177.300009965897
2009;6;3;2;15.701134238971605;22609.63330411911
2009;6;4;3;11.986805552409756;17260.999995470047
2009;6;5;4;14.240277786552905;20506.000012636185
2009;6;6;5;17.07696760677629;24590.83335375786
2009;6;7;6;13.974444442490737;20123.19999718666
2009;6;8;0;13.643240706622601;19646.266617536545
2009;6;9;1;15.426504618260596;22214.166650295258
2009;6;10;2;18.55319444371594;26716.59999895096
2009;6;11;3;15.05381946530607;21677.50003004074
2009;6;12;4;12.751527788572842;18362.20001554489
2009;6;13;5;7.8988889217376705;236.96666765213013
2009;6;15;0;13.061049039956881;12865.133304357529
2009;6;16;1;17.46287039203776;25146.533364534378
2009;6;17;2;11.435370371573502;16466.93333506584
2009;6;18;3;13.491898161007299;19428.33335185051
2009;6;19;4;12.579467586841847;18114.43332505226
2009;6;20;5;12.813657389084499;18451.666640281677
2009;6;21;6;9.8974768406815;14252.36665058136
2009;6;22;0;12.663171292510297;18234.96666121483
2009;6;23;1;12.027939812342327;17320.23332977295
2009;6;24;2;17.76474539521668;25581.233369112015
2009;6;25;3;8.927800928884082;12856.033337593079
2009;6;26;4;14.783819434709018;21288.699985980988
2009;6;27;5;19.78069442262252;28484.19996857643
2009;6;28;6;12.261504653261767;17656.566700696945
2009;6;29;0;11.691365751127401;16835.56668162346
2009;6;30;1;13.80145831985606;19874.099980592728
2009;7;1;2;14.101180577278138;20305.700031280518
2009;7;2;3;14.381689829627673;20709.63335466385
2009;7;3;4;10.001712966461977;14402.466671705246
2009;7;4;5;14.335277768307263;20642.799986362457
2009;7;5;6;16.327962981992297;23512.26669406891
2009;7;6;0;11.044675905340247;15904.333303689957
2009;7;7;1;12.848796277244885;18502.266639232635
2009;7;8;2;14.287037048571639;20573.33334994316
2009;7;9;3;9.794583357373874;14104.200034618378
2009;7;10;4;13.778064055197087;19785.299983263016
2009;7;11;5;11.504259270098474;16566.133348941803
2009;7;12;6;5.943032406104935;8557.966664791107
2009;7;13;0;5.74937500771549;8279.100011110306
2009;7;14;1;10.548958360155423;15190.50003862381
2009;7;15;2;8.311041659447882;11967.89998960495
2009;7;16;3;6.939282360672951;9992.566599369049
2009;7;17;4;8.469999966853194;12196.7999522686
2009;7;18;5;11.185300928354263;16106.83333683014
2009;7;19;6;13.931064800752534;20060.73331308365
2009;7;20;0;7.667662062082026;11041.433369398117
2009;7;21;1;9.41854167961412;13562.700018644333
2009;7;22;2;8.559398166007465;12325.53335905075
2009;7;23;3;11.92129628194703;17166.666646003723
2009;7;24;4;6.50159722848071;9362.300009012222
2009;7;25;5;6.211666679051187;8944.80001783371
2009;7;26;6;6.284907422628668;9050.266688585281
2009;7;27;0;7.969513868954446;11476.099971294403
2009;7;28;1;10.449652744498518;15047.499952077866
2009;7;29;2;10.439814804991085;15033.333319187164
2009;7;30;3;9.170439797970984;13205.433309078217
2009;7;31;4;11.294328701496124;16263.833330154419
2009;8;1;5;8.18247682551543;11782.766628742218
2009;8;2;6;5.66810183889336;8162.066648006439
2009;8;3;0;5.790486096342405;8338.299978733063
2009;8;4;1;5.889953674707148;8481.533291578293
2009;8;5;2;6.002916654116578;8644.199981927872
2009;8;6;3;6.165185184280078;8877.866665363312
2009;8;7;4;6.2418518362773785;8988.266644239426
2009;8;8;5;6.093425915141901;8774.533317804337
2009;8;9;6;11.553634236256281;16637.233300209045
2009;8;10;0;12.376828713549507;17822.63334751129
2009;8;11;1;11.006412042180697;15849.233340740204
2009;8;12;2;9.54208334253894;13740.600013256073
2009;8;13;3;18.4226472065097;10114.033316373825
2009;8;14;4;8.665231488645077;12477.93334364891
2009;8;15;5;17.523865756889183;25234.366689920425
2009;8;16;6;14.093888914916251;20295.2000374794
2009;8;17;0;9.096157414714495;13098.466677188873
2009;8;18;1;12.506921329266495;18009.966714143753
2009;8;19;2;10.193773166007466;14679.03335905075
2009;8;20;3;8.978263871040609;12928.699974298477
2009;8;21;4;13.446134271886613;19362.433351516724
2009;8;22;5;17.925208340419662;25812.300010204315
2009;8;23;6;12.346157395177418;17778.46664905548
2009;8;24;0;14.493680550820297;20870.89999318123
2009;8;25;1;10.921412024398645;15726.833315134048
2009;8;26;2;13.154467606875631;18942.43335390091
2009;8;27;3;8.674374988343981;12491.099983215332
2009;8;28;4;12.949560166564252;18647.366639852524
2009;8;29;5;16.069606486128436;23140.233340024948
2009;8;30;6;19.309513896041445;27805.700010299683
2009;8;31;0;14.647245372831822;21092.033336877823
2009;9;1;1;11.348796337180667;16342.266725540161
2009;9;2;2;14.15293982260757;20380.2333445549
2009;9;3;3;14.481342584225867;20853.133321285248
2009;9;4;4;11.856342632571856;17073.133390903473
2009;9;5;5;17.521597245501148;25231.100033521652
2009;9;6;6;14.220254613127974;20477.16664290428
2009;9;7;0;14.137245358030002;20357.633315563202
2009;9;8;1;12.572384261753824;18104.233336925507
2009;9;9;2;17.60814815296067;25355.733340263367
2009;9;10;3;12.874467561476761;18539.233288526535
2009;9;11;4;14.05261573460367;20235.766657829285
2009;9;12;5;23.893032391534913;34405.96664381027
2009;9;13;6;18.187421811960736;26171.6999874115
2009;9;14;0;18.227523157662816;26247.633347034454
2009;9;15;1;16.861180526183713;24280.099957704544
2009;9;16;2;20.17548609905773;29052.699982643127
2009;9;17;3;14.160023184451791;20390.43338561058
2009;9;18;4;15.903148153258694;22900.53334069252
2009;9;19;5;24.71886573235194;35595.16665458679
2009;9;20;6;23.557037014431423;33922.13330078125
2009;9;21;0;16.41050925138924;23631.133322000504
2009;9;22;1;14.42750001102686;20775.600015878677
2009;9;23;2;18.942245369818476;27276.833332538605
2009;9;24;3;16.507615758809777;23770.96669268608
2009;9;25;4;13.437685187657674;19350.26667022705
2009;9;26;5;18.012199065917066;25937.566654920578
2009;9;27;6;16.324907426204945;23507.866693735123
2009;9;28;0;15.039999987185002;21657.599981546402
2009;9;29;1;13.268495365811718;19106.633326768875
2009;9;30;2;20.546314322898716;29545.599996328354
2009;10;1;3;14.898749981323878;21454.199973106384
2009;10;2;4;13.341064794858296;19211.133304595947
2009;10;3;5;19.869675929016537;28612.333337783813
2009;10;4;6;18.76280092696349;27018.433334827423
2009;10;5;0;14.76298611064752;21258.699999332428
2009;10;6;1;16.532962984840076;23807.46669816971
2009;10;7;2;21.0860416425599;30363.899965286255
2009;10;8;3;18.254236142337323;26286.100044965744
2009;10;9;4;15.646550963984595;22531.033388137817
2009;10;10;5;23.295787074996365;33545.933387994766
2009;10;11;6;22.449432463013025;32304.73331427574
2009;10;12;0;15.64356480869982;22526.73332452774
2009;10;13;1;16.771990750067765;24151.66668009758
2009;10;14;2;19.80583332892921;28520.399993658066
2009;10;15;3;17.24509262641271;24832.9333820343
2009;10;16;4;17.55624999983443;25280.99999976158
2009;10;17;5;31.737037006186114;45701.333288908005
2009;10;18;6;18.011157412164742;25936.066673517227
2009;10;19;0;15.846157404780389;22818.46666288376
2009;10;20;1;19.93990741653575;28713.466679811478
2009;10;21;2;22.795208305120468;32825.099959373474
2009;10;22;3;16.200347224209043;23328.500002861023
2009;10;23;4;20.34085648589664;29290.833339691162
2009;10;24;5;30.259351855350864;43573.466671705246
2009;10;25;6;27.85342595908377;40108.93338108063
2009;10;26;0;12.874351828131411;18539.06663250923
2009;10;27;1;12.925416667262713;18612.600000858307
2009;10;28;2;14.684120390150282;21145.133361816406
2009;10;29;3;22.933333294093607;33023.9999434948
2009;10;30;4;17.284236128628255;24889.300025224686
2009;10;31;5;21.712291679282984;31265.700018167496
2009;11;1;6;21.332962934507265;30719.46662569046
2009;11;2;0;17.410023146702184;25070.433331251144
2009;11;3;1;26.23481480975946;37778.13332605362
2009;11;4;2;20.854166678918734;30030.000017642975
2009;11;5;3;18.060949080685774;26007.766676187515
2009;11;6;4;16.09317131539186;23174.166694164276
2009;11;7;5;18.02287036942111;25952.9333319664
2009;11;8;6;29.02780093434784;41800.03334546089
2009;11;9;0;16.270002303809402;23412.533315181732
2009;11;10;1;18.590092586643166;26769.73332476616
2009;11;11;2;23.61666668024328;34008.00001955032
2009;11;12;3;16.933634250528282;24384.433320760727
2009;11;13;4;17.742199079195657;25548.766674041748
2009;11;14;5;29.634907411038874;42674.26667189598
2009;11;15;6;22.769768531289365;32788.46668505669
2009;11;16;0;17.528564846515657;25241.133378982544
2009;11;17;1;19.771921311318874;28471.56668829918
2009;11;18;2;30.545995438264477;43986.233431100845
2009;11;19;3;17.07000000791417;24580.800011396408
2009;11;20;4;22.696944442722533;32683.599997520447
2009;11;21;5;28.898796241978804;41614.26658844948
2009;11;22;6;28.367777783506448;40849.60000824928
2009;11;23;0;17.02687500367562;24518.700005292892
2009;11;24;1;24.63953705512815;35480.93335938454
2009;11;25;2;22.918171330624155;33002.166716098785
2009;11;26;3;18.514189816017947;26660.43333506584
2009;11;27;4;15.972523131801022;23000.433309793472
2009;11;28;5;21.515624981787468;30982.499973773956
2009;11;29;6;19.10835649503602;27516.033352851868
2009;11;30;0;20.198958344923124;29086.5000166893
2009;12;1;1;20.328449104891885;29272.96671104431
2009;12;2;2;27.14893519199557;39094.46667647362
2009;12;3;3;17.12601852019628;24661.46666908264
2009;12;4;4;19.806643495294782;28521.566633224487
2009;12;5;5;27.219467576344808;39196.03330993652
2009;12;6;6;27.52648147808181;39638.133328437805
2009;12;7;0;20.169421288371087;29043.966655254364
2009;12;8;1;23.227824021048015;33448.06659030914
2009;12;9;2;20.860601830151346;30039.26663541794
2009;12;10;3;23.809527143152103;34238.10003185272
2009;12;11;4;20.653495399157205;29741.033374786377
2009;12;12;5;21.02291663951344;30272.999960899353
2009;12;13;6;24.754791685938834;35646.90002775192
2009;12;14;0;20.773865766657725;29914.36670398712
2009;12;15;1;22.45504630075561;32335.266673088074
2009;12;16;2;16.144374995761446;23247.899993896484
2009;12;17;3;19.87479163904985;28619.69996023178
2009;12;18;4;20.193356484837004;29078.433338165283
2009;12;19;5;25.513125014139547;36738.90002036095
2009;12;20;6;13.242662069698175;19069.43338036537
2009;12;21;0;23.552847215698826;33916.09999060631
2009;12;22;1;21.852106507122517;31467.033370256424
2009;12;23;2;16.842592589722738;24253.333329200745
2009;12;24;3;33.6330323808723;48431.566628456116
2009;12;25;4;24.625555520587497;35460.799949645996
2009;12;26;5;25.27335647477044;36393.63332366943
2009;12;27;6;25.410324058267804;36590.86664390564
2009;12;28;0;24.237245332201322;34901.6332783699
2009;12;29;1;23.703333346711265;34132.80001926422
2009;12;30;2;28.369328754146895;40851.83340597153
2009;12;31;3;25.600601845317417;36864.86665725708
2010;1;1;4;14.169583319293128;20404.199979782104
2010;1;2;5;15.159092001156148;21813.933389663696
2010;1;3;6;24.11405095325576;34724.23337268829
2010;1;4;0;18.566342600186665;26735.5333442688
2010;1;5;1;25.691898165477646;36996.33335828781
2010;1;6;2;20.56921295788553;29619.666659355164
2010;1;7;3;20.479652801818318;29490.700034618378
2010;1;8;4;20.801018553641107;29953.466717243195
2010;1;9;5;27.0474536932177;38948.33331823349
2010;1;10;6;29.033171308040618;41807.76668357849
2010;1;11;0;17.577361119455762;25311.400012016296
2010;1;12;1;23.936879438889388;21375.633338928223
2010;1;14;3;34.59105154971948;10308.133361816406
2010;1;15;4;25.425462958878942;36612.666660785675
2010;1;16;5;24.88555556403266;35835.20001220703
2010;1;17;6;22.066620337631967;31775.933286190033
2010;1;18;0;21.771967558397186;31351.63328409195
2010;1;19;1;28.16560186114576;40558.466680049896
2010;1;20;2;27.219074115488265;39195.4667263031
2010;1;21;3;24.743703728583125;35630.9333691597
2010;1;22;4;20.72483795384566;29843.76665353775
2010;1;23;5;30.212068576295813;43475.16668128967
2010;1;24;6;26.266435188055038;37823.666670799255
2010;1;25;0;22.3438657472531;32175.166676044464
2010;1;26;1;23.930138891604212;34459.400003910065
2010;1;27;2;31.95488422314326;46015.033281326294
2010;1;28;3;24.42400465971894;35170.56670999527
2010;1;29;4;24.224421290887726;34883.16665887833
2010;1;30;5;32.90194448100196;47378.80005264282
2010;1;31;6;20.82402777241336;29986.599992275238
2010;2;1;0;19.603912023868826;28229.63331437111
2010;2;2;1;24.970277787910568;35957.20001459122
2010;2;3;2;33.599699112441805;48383.5667219162
2010;2;4;3;26.80868055091964;38604.49999332428
2010;2;5;4;24.29273148212168;34981.53333425522
2010;2;6;5;31.40030095775922;45216.43337917328
2010;2;7;6;18.816064827309713;27095.13335132599
2010;2;8;0;29.887013943327798;43037.30007839203
2010;2;9;1;28.020046320226456;40348.8667011261
2010;2;10;2;22.52191338032132;32409.03335428238
2010;2;11;3;15.853796307908164;22829.466683387756
2010;2;12;4;21.90969909363323;31549.966694831848
2010;2;13;5;27.2170833359162;39192.60000371933
2010;2;14;6;19.535533957385287;28111.63336467743
2010;2;15;0;24.272361128860048;34952.20002555847
2010;2;16;1;20.807361105746693;29962.599992275238
2010;2;17;2;23.77962962322765;34242.666657447815
2010;2;18;3;20.38375001847744;29352.600026607513
2010;2;19;4;22.61078701780902;32559.53330564499
2010;2;20;5;22.95981483095222;33062.1333565712
2010;2;21;6;31.716597225930954;45671.900005340576
2010;2;22;0;17.060601830151345;24567.26663541794
2010;2;23;1;16.912962916493417;24354.66659975052
2010;2;24;2;22.15599537425571;31904.633338928223
2010;2;25;3;21.76162035001649;31336.733304023743
2010;2;26;4;24.53884258435832;35335.93332147598
2010;2;27;5;20.4288888891538;29417.60000038147
2010;2;28;6;8.236874993642171;11861.099990844727
2010;3;1;0;15.031574076082972;21645.46666955948
2010;3;2;1;8.876226883133253;12781.766711711884
2010;3;3;2;10.831412030590904;15597.233324050903
2010;3;4;3;7.903703686263826;11381.33330821991
2010;3;5;4;13.121828728914261;18895.433369636536
2010;3;6;5;9.198055568999715;13245.200019359589
2010;3;7;6;15.885092614425552;22874.533364772797
2010;3;8;0;29.596041675077544;42618.300012111664
2010;3;9;1;20.3716666655408;29335.199998378754
2010;3;10;2;21.095277774996227;30377.199995994568
2010;3;11;3;22.58206018805504;32518.166670799255
2010;3;12;4;19.04425926307837;27423.733338832855
2010;3;13;5;27.581134261025323;39716.833335876465
2010;3;14;6;18.133263885643746;26111.899995326996
2010;3;15;0;20.739004623558785;29864.166657924652
2010;3;16;1;17.854745350612536;25710.83330488205
2010;3;17;2;23.25381942556964;33485.49997282028
2010;3;18;3;18.086597234010696;26044.700016975403
2010;3;19;4;19.25212963554594;27723.066675186157
2010;3;20;5;9.463505718214758;2195.533326625824
2010;3;21;6;24.618411176254593;15288.033340454102
2010;3;22;0;18.733680564496254;26976.500012874603
2010;3;23;1;21.089837953117158;30369.36665248871
2010;3;24;2;23.087407436966895;33245.86670923233
2010;3;25;3;19.443101864390904;27998.0666847229
2010;3;26;4;19.11208333671093;27521.40000486374
2010;3;27;5;21.388541660375065;30799.499990940094
2010;3;28;6;20.81266204615434;29970.23334646225
2010;3;29;0;18.781689811084007;27045.633327960968
2010;3;30;1;22.065439825256664;31774.2333483696
2010;3;31;2;22.266226845482986;32063.3666574955
2010;4;1;3;19.53055559893449;28124.000062465668
2010;4;2;4;19.08127316567633;27477.033358573914
2010;4;3;5;20.89442128588756;30087.966651678085
2010;4;4;6;19.564675906134976;28173.133304834366
2010;4;5;0;12.949305542310078;18646.999980926514
2010;4;6;1;21.13254631360372;30430.866691589355
2010;4;7;2;18.483587969839572;26616.366676568985
2010;4;8;3;19.088194469279713;27487.000035762787
2010;4;9;4;14.274884273774093;20555.833354234695
2010;4;10;5;13.77555555038982;19836.79999256134
2010;4;11;6;18.563933288827382;26713.500002622604
2010;4;12;0;16.66002309984631;23990.433263778687
2010;4;13;1;17.50814812729756;25211.733303308487
2010;4;14;2;19.21717594232824;27672.733356952667
2010;4;15;3;21.668726823396153;31202.96662569046
2010;4;16;4;18.07942130565643;26034.366680145264
2010;4;17;5;18.029074100984467;25961.866705417633
2010;4;18;6;17.084560180372662;24601.766659736633
2010;4;19;0;19.77539352675279;28476.566678524017
2010;4;20;1;21.222546294000413;30560.466663360596
2010;4;21;2;18.286041683952014;26331.9000248909
2010;4;22;3;16.908611115150983;24348.400005817413
2010;4;23;4;13.66361109316349;19675.599974155426
2010;4;24;5;17.57428238855468;25306.966639518738
2010;4;25;6;17.855810193220773;25712.366678237915
2010;4;26;0;12.531435215804311;18045.26671075821
2010;4;27;1;14.478472224871318;20849.000003814697
2010;4;28;2;10.044652780559328;14464.300004005432
2010;4;29;3;12.77458333571752;18395.400003433228
2010;4;30;4;12.947083339426253;18643.800008773804
2010;5;1;5;15.279606471127934;22002.633318424225
2010;5;2;6;25.323032406303618;36465.16666507721
2010;5;3;0;16.33451389455133;23521.700008153915
2010;5;4;1;17.557407393720414;25282.666646957397
2010;5;5;2;20.894768512248994;30088.46665763855
2010;5;6;3;15.037615736325582;21654.166660308838
2010;5;7;4;19.02782408628199;27400.066684246063
2010;5;8;5;17.747939826051393;25557.033349514008
2010;5;9;6;18.13090276039309;26108.49997496605
2010;5;10;0;16.989490742815864;24464.866669654846
2010;5;11;1;18.187129658460616;26189.46670818329
2010;5;12;2;23.55807872613271;33923.6333656311
2010;5;13;3;17.98119066820284;25874.933371543884
2010;5;14;4;19.93224538366;28702.433352470398
2010;5;15;5;22.50893514454365;32412.866608142853
2010;5;16;6;24.3104860941569;35007.09997558594
2010;5;17;0;18.84469905793667;27136.366643428802
2010;5;18;1;16.4488888843192;23686.399993419647
2010;5;19;2;16.513333335849975;23779.200003623962
2010;5;20;3;13.35530090894964;19231.63330888748
2010;5;21;4;14.981435173749924;21573.26665019989
2010;5;22;5;24.256620369686022;34929.53333234787
2010;5;23;6;17.217083308762973;24792.599964618683
2010;5;24;0;15.524675927725102;22355.53333592415
2010;5;25;1;13.872986116508644;19977.100007772446
2010;5;26;2;16.06347221682469;23131.399992227554
2010;5;27;3;15.316458378401068;22055.700064897537
2010;5;28;4;16.18245371248987;23302.733345985413
2010;5;29;5;23.724629669057;34163.46672344208
2010;5;30;6;19.278935147656334;27761.666612625122
2010;5;31;0;15.514606469372909;22341.033315896988
2010;6;1;1;14.687083344161511;21149.400015592575
2010;6;2;2;11.352986114058229;16348.30000424385
2010;6;3;3;16.136412058770656;23236.433364629745
2010;6;4;4;16.44159722742107;23675.900007486343
2010;6;5;5;23.259768529733023;33494.06668281555
2010;6;6;6;20.217499970065223;29113.19995689392
2010;6;7;0;11.713912035193708;16868.03333067894
2010;6;8;1;15.76428242093987;22700.566686153412
2010;6;9;2;17.762523153093127;25578.0333404541
2010;6;10;3;14.064699072142442;20253.166663885117
2010;6;11;4;17.021666654282146;24511.19998216629
2010;6;12;5;22.852768146635512;32885.1333630085
2010;6;13;6;19.379120391441717;27905.93336367607
2010;6;14;0;14.097037020822366;20299.733309984207
2010;6;15;1;14.166273152165942;20399.433339118958
2010;6;16;2;20.464027797679105;29468.200028657913
2010;6;17;3;11.898356498777867;17133.633358240128
2010;6;18;4;15.420324075387583;22205.26666855812
2010;6;19;5;16.39143520096938;23603.666689395905
2010;6;20;6;19.35821758425898;27875.83332133293
2010;6;21;0;19.2232639114062;27681.500032424927
2010;6;22;1;17.59939817107386;25343.13336634636
2010;6;23;2;16.690555550985867;24034.399993419647
2010;6;24;3;12.682638857265314;18262.99995446205
2010;6;25;4;12.724976854026318;18323.966669797897
2010;6;26;5;11.361342564059628;16360.333292245865
2010;6;27;6;13.194027781320942;18999.400005102158
2010;6;28;0;17.029398181537786;24522.333381414413
2010;6;29;1;15.83618255718621;22788.266699790955
2010;6;30;2;16.02009263071749;23068.933388233185
2010;7;1;3;15.613449030121167;22483.36660337448
2010;7;2;4;13.20518518206146;19015.466662168503
2010;7;3;5;12.963819415205055;18667.89995789528
2010;7;4;6;17.801944469081032;25634.800035476685
2010;7;5;0;12.893402755426036;18566.499967813492
2010;7;6;1;11.64275464316209;16765.566686153412
2010;7;7;2;9.661898164947827;13913.133357524872
2010;7;8;3;14.035324096514119;20210.86669898033
2010;7;9;4;12.54025460547871;18057.966631889343
2010;7;10;5;13.362314818965064;19241.733339309692
2010;7;11;6;13.814490723941061;19892.866642475128
2010;7;12;0;12.842291666567325;18492.89999985695
2010;7;13;1;15.996689831879404;23035.23335790634
2010;7;14;2;16.313333327902686;23491.19999217987
2010;7;15;3;18.91547372011446;27219.366683244705
2010;7;16;4;9.491388907035192;13667.600026130676
2010;7;17;5;9.332777789400684;13439.200016736984
2010;7;18;6;9.39858797142903;13533.966678857803
2010;7;19;0;9.272662061949571;13352.633369207382
2010;7;20;1;9.905370366076628;14263.733327150345
2010;7;21;2;12.316736127270593;17736.100023269653
2010;7;22;3;13.477384256985452;19407.43333005905
2010;7;23;4;13.612939804461266;19602.633318424225
2010;7;24;5;10.667453682091502;15361.133302211761
2010;7;25;6;13.08344905840026;18840.166644096375
2010;7;26;0;10.233217611577775;14735.833360671997
2010;7;27;1;11.022685187558332;15872.666670084
2010;7;28;2;9.984421300391356;14377.566672563553
2010;7;29;3;6.355370363096396;9151.73332285881
2010;7;30;4;6.380324061214924;9187.66664814949
2010;7;31;5;6.419166649215751;9243.599974870682
2010;8;1;6;6.431296278701888;9261.066641330719
2010;8;2;0;6.359745380116833;9158.03334736824
2010;8;3;1;7.120509244004885;10253.533311367035
2010;8;4;2;6.288842605054379;9055.933351278305
2010;8;5;3;6.174490751822789;8891.266682624817
2010;8;6;4;6.07344905965858;8745.766645908356
2010;8;7;5;6.1050462928083205;8791.266661643982
2010;8;8;6;6.116435216201676;8807.666711330414
2010;8;9;0;6.192870374023914;8917.733338594437
2010;8;10;1;6.305069479346275;9079.300050258636
2010;8;11;2;6.2731712919142515;9033.366660356522
2010;8;12;3;6.130763880411783;8828.299987792969
2010;8;13;4;6.183958328929212;8904.899993658066
2010;8;14;5;6.415162055359946;9237.833359718323
2010;8;15;6;12.222060240308444;17599.76674604416
2010;8;16;0;13.075578720702065;18828.833357810974
2010;8;17;1;12.918674089829253;16303.366701364517
2010;8;22;6;10.234429795491067;1555.6333289146423
2010;8;23;0;8.861782410740853;12760.966671466827
2010;8;24;1;8.367453692687882;12049.13331747055
2010;8;25;2;11.347314797176255;16340.133307933807
2010;8;26;3;8.764490736689833;12620.866660833359
2010;8;27;4;23.50289353993204;33844.166697502136
2010;8;28;5;16.699722227785323;24047.600008010864
2010;8;29;6;19.311111111442248;27808.000000476837
2010;8;30;0;17.300949079791703;24913.366674900055
2010;8;31;1;15.79983795384566;22751.76665353775
2010;9;1;2;18.441180583834647;26555.300040721893
2010;9;2;3;16.116805551615027;23208.199994325638
2010;9;3;4;15.58349538296461;22440.23335146904
2010;9;4;5;20.183333358996443;29064.00003695488
2010;9;5;6;15.312708328498735;22050.299993038177
2010;9;6;0;16.46847224285205;23714.600029706955
2010;9;7;1;16.80386575659116;24197.566689491272
2010;9;8;2;15.090416679117414;21730.200017929077
2010;9;9;3;14.336967589126694;20645.233328342438
2010;9;10;4;15.3716203732623;22135.13333749771
2010;9;11;5;16.936458355850643;24388.500032424927
2010;9;12;6;18.658472218943967;26868.199995279312
2010;9;13;0;12.457407420873642;17938.666686058044
2010;9;14;1;16.558773147894275;23844.633332967758
2010;9;15;2;11.413124995761448;16434.899993896484
2010;9;16;3;15.506226837303902;22328.96664571762
2010;9;17;4;17.333425950341756;24960.133368492126
2010;9;18;5;14.443819434609678;20799.099985837936
2010;9;19;6;10.643518530991342;15326.666684627533
2010;9;20;0;19.47722222275204;28047.20000076294
2010;9;21;1;12.863148134781255;18522.933314085007
2010;9;22;2;17.481412069333924;25173.23337984085
2010;9;23;3;16.78081017086903;24164.366646051407
2010;9;24;4;15.370277765227689;22133.19998192787
2010;9;25;5;7.486299402632956;1766.7666590213776
2010;9;28;1;27.318583043194813;7840.433333396912
2010;9;29;2;19.495671265323956;28073.766622066498
2010;9;30;3;14.447662030988269;20804.633324623108
2010;10;1;4;17.41689813070827;25080.33330821991
2010;10;2;5;22.25988426109155;32054.233335971832
2010;10;3;6;21.188472230235735;30511.40001153946
2010;10;4;0;20.55509260793527;29599.33335542679
2010;10;5;1;21.46555553740925;30910.399973869324
2010;10;6;2;15.225185180041525;21924.266659259796
2010;10;7;3;20.948541620373724;30165.899933338165
2010;10;8;4;17.482129608922534;25174.26663684845
2010;10;9;5;18.654861080646516;26862.99995613098
2010;10;10;6;23.135462993383406;33315.06671047211
2010;10;11;0;18.779976864324677;27043.166684627533
2010;10;12;1;18.283472231030466;26328.20001268387
2010;10;13;2;24.003310201565423;34564.76669025421
2010;10;14;3;24.712060162093906;35585.36663341522
2010;10;15;4;18.47597220506933;26605.399975299835
2010;10;16;5;11.574236114819845;16666.900005340576
2010;10;17;6;12.122476865516768;17456.366686344147
2010;10;18;0;31.410694479280046;45231.40005016327
2010;10;19;1;22.291412050856483;32099.633353233337
2010;10;20;2;19.99958335194323;28799.40002679825
2010;10;21;3;15.68516205979718;22586.63336610794
2010;10;22;4;19.315879636009534;27814.86667585373
2010;10;23;5;26.54208334883054;38220.60002231598
2010;10;24;6;27.687607132286725;39842.466663360596
2010;10;25;0;13.4640277908908;19388.20001888275
2010;10;26;1;10.947962968879276;15765.066675186157
2010;10;27;2;14.586550933122634;21004.633343696594
2010;10;28;3;16.936643512381448;24388.766657829285
2010;10;29;4;13.94006944431199;20073.699999809265
2010;10;30;5;24.91550928387377;35878.33336877823
2010;10;31;6;17.088310172160465;24607.16664791107
2010;11;1;0;16.009027769499355;23052.99998807907
2010;11;2;1;13.785671304331885;19851.366678237915
2010;11;3;2;14.968726860152351;21554.966678619385
2010;11;4;3;29.5734490894609;42585.7666888237
2010;11;5;4;20.09361112349563;28934.80001783371
2010;11;6;5;20.89592592749331;30090.133335590363
2010;11;7;6;19.37287035551336;27896.93331193924
2010;11;8;0;21.128935193684367;30425.666678905487
2010;11;9;1;23.403912026021217;33701.63331747055
2010;11;10;2;22.529328726728757;32442.23336648941
2010;11;11;3;20.52768518179655;29559.866661787033
2010;11;12;4;21.259513906803395;30613.70002579689
2010;11;13;5;23.416365713874498;33719.56662797928
2010;11;14;6;23.592499977184666;33973.19996714592
2010;11;15;0;20.224328712622324;29123.033346176147
2010;11;16;1;17.47393520226081;25162.46669125557
2010;11;17;2;18.31055552230941;26367.19995212555
2010;11;18;3;19.122129620280532;27535.866653203964
2010;11;19;4;18.17592592106925;26173.33332633972
2010;11;20;5;25.428310168286163;36616.76664233208
2010;11;21;6;10.427199068003231;15015.166657924652
2010;11;22;0;23.628888887332547;34025.599997758865
2010;11;23;1;18.258518525626926;26292.26667690277
2010;11;24;2;20.789907404945957;29937.466663122177
2010;11;25;3;16.56439815014601;23852.73333621025
2010;11;26;4;19.637160207011448;24801.73334145546
