2006;12;01;4;84.0
2006;12;02;5;88.0
2006;12;03;6;88.0
2006;12;04;0;116.0
2006;12;05;1;128.0
2006;12;06;2;88.0
2006;12;07;3;96.0
2006;12;08;4;77.0
2006;12;09;5;66.0
2006;12;10;6;57.0
2006;12;11;0;96.0
2006;12;12;1;70.0
2006;12;13;2;97.0
2006;12;14;3;86.0
2006;12;15;4;66.0
2006;12;16;5;66.0
2006;12;17;6;62.0
2006;12;18;0;45.0
2006;12;19;1;10.0
2006;12;20;2;40.0
2006;12;21;3;52.0
2006;12;22;4;62.0
2006;12;23;5;6.0
2006;12;24;6;18.0
2006;12;25;0;15.0
2006;12;26;1;-2.0
2006;12;27;2;20.0
2006;12;28;3;24.0
2006;12;29;4;55.0
2006;12;30;5;116.0
2006;12;31;6;116.0
2007;01;01;0;85.0
2007;01;02;1;78.0
2007;01;03;2;80.0
2007;01;04;3;102.0
2007;01;05;4;102.0
2007;01;06;5;110.0
2007;01;07;6;87.0
2007;01;08;0;108.0
2007;01;09;1;130.0
2007;01;10;2;99.0
2007;01;11;3;79.0
2007;01;12;4;95.0
2007;01;13;5;110.0
2007;01;14;6;78.0
2007;01;15;0;34.0
2007;01;16;1;94.0
2007;01;17;2;114.0
2007;01;18;3;119.0
2007;01;19;4;133.0
2007;01;20;5;101.0
2007;01;21;6;68.0
2007;01;22;0;50.0
2007;01;23;1;32.0
2007;01;24;2;-31.0
2007;01;25;3;-37.0
2007;01;26;4;-32.0
2007;01;27;5;54.0
2007;01;28;6;48.0
2007;01;29;0;70.0
2007;01;30;1;63.0
2007;01;31;2;77.0
2007;02;01;3;86.0
2007;02;02;4;88.0
2007;02;03;5;71.0
2007;02;04;6;64.0
2007;02;05;0;51.0
2007;02;06;1;48.0
2007;02;07;2;48.0
2007;02;08;3;44.0
2007;02;09;4;63.0
2007;02;10;5;88.0
2007;02;11;6;99.0
2007;02;12;0;88.0
2007;02;13;1;81.0
2007;02;14;2;90.0
2007;02;15;3;62.0
2007;02;16;4;81.0
2007;02;17;5;88.0
2007;02;18;6;89.0
2007;02;19;0;89.0
2007;02;20;1;97.0
2007;02;21;2;97.0
2007;02;22;3;98.0
2007;02;23;4;106.0
2007;02;24;5;104.0
2007;02;25;6;85.0
2007;02;26;0;98.0
2007;02;27;1;98.0
2007;02;28;2;115.0
2007;03;01;3;100.0
2007;03;02;4;82.0
2007;03;03;5;108.0
2007;03;04;6;94.0
2007;03;05;0;98.0
2007;03;06;1;100.0
2007;03;07;2;83.0
2007;03;08;3;76.0
2007;03;09;4;90.0
2007;03;10;5;82.0
2007;03;11;6;92.0
2007;03;12;0;90.0
2007;03;13;1;78.0
2007;03;14;2;75.0
2007;03;15;3;66.0
2007;03;16;4;70.0
2007;03;17;5;98.0
2007;03;18;6;83.0
2007;03;19;0;45.0
2007;03;20;1;40.0
2007;03;21;2;46.0
2007;03;22;3;44.0
2007;03;23;4;58.0
2007;03;24;5;58.0
2007;03;25;6;86.0
2007;03;26;0;67.0
2007;03;27;1;84.0
2007;03;28;2;102.0
2007;03;29;3;88.0
2007;03;30;4;32.0
2007;03;31;5;55.0
2007;04;01;6;104.0
2007;04;02;0;112.0
2007;04;03;1;92.0
2007;04;04;2;79.0
2007;04;05;3;78.0
2007;04;06;4;88.0
2007;04;07;5;78.0
2007;04;08;6;79.0
2007;04;09;0;98.0
2007;04;10;1;98.0
2007;04;11;2;100.0
2007;04;12;3;114.0
2007;04;13;4;140.0
2007;04;14;5;140.0
2007;04;15;6;134.0
2007;04;16;0;139.0
2007;04;17;1;106.0
2007;04;18;2;98.0
2007;04;19;3;100.0
2007;04;20;4;99.0
2007;04;21;5;128.0
2007;04;22;6;152.0
2007;04;23;0;147.0
2007;04;24;1;158.0
2007;04;25;2;144.0
2007;04;26;3;124.0
2007;04;27;4;130.0
2007;04;28;5;148.0
2007;04;29;6;137.0
2007;04;30;0;154.0
2007;05;01;1;161.0
2007;05;02;2;138.0
2007;05;03;3;120.0
2007;05;04;4;107.0
2007;05;05;5;103.0
2007;05;06;6;98.0
2007;05;07;0;146.0
2007;05;08;1;138.0
2007;05;09;2;164.0
2007;05;10;3;166.0
2007;05;11;4;136.0
2007;05;12;5;152.0
2007;05;13;6;132.0
2007;05;14;0;131.0
2007;05;15;1;111.0
2007;05;16;2;135.0
2007;05;17;3;166.0
2007;05;18;4;163.0
2007;05;19;5;123.0
2007;05;20;6;105.0
2007;05;21;0;145.0
2007;05;22;1;146.0
2007;05;23;2;132.0
2007;05;24;3;149.0
2007;05;25;4;158.0
2007;05;26;5;138.0
2007;05;27;6;125.0
2007;05;28;0;87.0
2007;05;29;1;100.0
2007;05;30;2;113.0
2007;05;31;3;136.0
2007;06;01;4;118.0
2007;06;02;5;133.0
2007;06;03;6;147.0
2007;06;04;0;143.0
2007;06;05;1;158.0
2007;06;06;2;142.0
2007;06;07;3;136.0
2007;06;08;4;162.0
2007;06;09;5;176.0
2007;06;10;6;167.0
2007;06;11;0;186.0
2007;06;12;1;178.0
2007;06;13;2;156.0
2007;06;14;3;166.0
2007;06;15;4;166.0
2007;06;16;5;149.0
2007;06;17;6;149.0
2007;06;18;0;178.0
2007;06;19;1;202.0
2007;06;20;2;172.0
2007;06;21;3;159.0
2007;06;22;4;169.0
2007;06;23;5;168.0
2007;06;24;6;152.0
2007;06;25;0;146.0
2007;06;26;1;142.0
2007;06;27;2;136.0
2007;06;28;3;156.0
2007;06;29;4;155.0
2007;06;30;5;178.0
2007;07;01;6;188.0
2007;07;02;0;168.0
2007;07;03;1;164.0
2007;07;04;2;152.0
2007;07;05;3;164.0
2007;07;06;4;166.0
2007;07;07;5;166.0
2007;07;08;6;144.0
2007;07;09;0;129.0
2007;07;10;1;142.0
2007;07;11;2;156.0
2007;07;12;3;165.0
2007;07;13;4;221.0
2007;07;14;5;192.0
2007;07;15;6;222.0
2007;07;16;0;188.0
2007;07;17;1;180.0
2007;07;18;2;180.0
2007;07;19;3;176.0
2007;07;20;4;170.0
2007;07;21;5;158.0
2007;07;22;6;174.0
2007;07;23;0;156.0
2007;07;24;1;186.0
2007;07;25;2;171.0
2007;07;26;3;192.0
2007;07;27;4;172.0
2007;07;28;5;186.0
2007;07;29;6;169.0
2007;07;30;0;154.0
2007;07;31;1;146.0
2007;08;01;2;155.0
2007;08;02;3;162.0
2007;08;03;4;174.0
2007;08;04;5;196.0
2007;08;05;6;211.0
2007;08;06;0;186.0
2007;08;07;1;158.0
2007;08;08;2;152.0
2007;08;09;3;160.0
2007;08;10;4;162.0
2007;08;11;5;171.0
2007;08;12;6;180.0
2007;08;13;0;164.0
2007;08;14;1;180.0
2007;08;15;2;198.0
2007;08;16;3;159.0
2007;08;17;4;150.0
2007;08;18;5;156.0
2007;08;19;6;156.0
2007;08;20;0;148.0
2007;08;21;1;157.0
2007;08;22;2;162.0
2007;08;23;3;164.0
2007;08;24;4;172.0
2007;08;25;5;182.0
2007;08;26;6;178.0
2007;08;27;0;178.0
2007;08;28;1;155.0
2007;08;29;2;158.0
2007;08;30;3;150.0
2007;08;31;4;176.0
2007;09;01;5;182.0
2007;09;02;6;158.0
2007;09;03;0;164.0
2007;09;04;1;129.0
2007;09;05;2;140.0
2007;09;06;3;170.0
2007;09;07;4;182.0
2007;09;08;5;166.0
2007;09;09;6;169.0
2007;09;10;0;152.0
2007;09;11;1;146.0
2007;09;12;2;130.0
2007;09;13;3;152.0
2007;09;14;4;156.0
2007;09;15;5;176.0
2007;09;16;6;187.0
2007;09;17;0;128.0
2007;09;18;1;121.0
2007;09;19;2;115.0
2007;09;20;3;142.0
2007;09;21;4;150.0
2007;09;22;5;146.0
2007;09;23;6;158.0
2007;09;24;0;152.0
2007;09;25;1;126.0
2007;09;26;2;124.0
2007;09;27;3;119.0
2007;09;28;4;134.0
2007;09;29;5;152.0
2007;09;30;6;124.0
2007;10;01;0;175.0
2007;10;02;1;152.0
2007;10;03;2;172.0
2007;10;04;3;135.0
2007;10;05;4;140.0
2007;10;06;5;126.0
2007;10;07;6;130.0
2007;10;08;0;137.0
2007;10;09;1;131.0
2007;10;10;2;137.0
2007;10;11;3;126.0
2007;10;12;4;125.0
2007;10;13;5;150.0
2007;10;14;6;110.0
2007;10;15;0;125.0
2007;10;16;1;132.0
2007;10;17;2;127.0
2007;10;18;3;101.0
2007;10;19;4;79.0
2007;10;20;5;84.0
2007;10;21;6;66.0
2007;10;22;0;50.0
2007;10;23;1;50.0
2007;10;24;2;56.0
2007;10;25;3;76.0
2007;10;26;4;100.0
2007;10;27;5;113.0
2007;10;28;6;98.0
2007;10;29;0;112.0
2007;10;30;1;105.0
2007;10;31;2;92.0
2007;11;01;3;118.0
2007;11;02;4;126.0
2007;11;03;5;134.0
2007;11;04;6;128.0
2007;11;05;0;76.0
2007;11;06;1;96.0
2007;11;07;2;98.0
2007;11;08;3;113.0
2007;11;09;4;84.0
2007;11;10;5;96.0
2007;11;11;6;115.0
2007;11;12;0;78.0
2007;11;13;1;67.0
2007;11;14;2;88.0
2007;11;15;3;53.0
2007;11;16;4;36.0
2007;11;17;5;27.0
2007;11;18;6;16.0
2007;11;19;0;61.0
2007;11;20;1;80.0
2007;11;21;2;78.0
2007;11;22;3;84.0
2007;11;23;4;64.0
2007;11;24;5;54.0
2007;11;25;6;80.0
2007;11;26;0;88.0
2007;11;27;1;100.0
2007;11;28;2;82.0
2007;11;29;3;97.0
2007;11;30;4;84.0
2007;12;01;5;90.0
2007;12;02;6;108.0
2007;12;03;0;98.0
2007;12;04;1;102.0
2007;12;05;2;131.0
2007;12;06;3;118.0
2007;12;07;4;96.0
2007;12;08;5;93.0
2007;12;09;6;78.0
2007;12;10;0;78.0
2007;12;11;1;50.0
2007;12;12;2;20.0
2007;12;13;3;-3.0
2007;12;14;4;6.0
2007;12;15;5;12.0
2007;12;16;6;-7.0
2007;12;17;0;-18.0
2007;12;18;1;-12.0
2007;12;19;2;-18.0
2007;12;20;3;-24.0
2007;12;21;4;-16.0
2007;12;22;5;23.0
2007;12;23;6;30.0
2007;12;24;0;20.0
2007;12;25;1;49.0
2007;12;26;2;56.0
2007;12;27;3;70.0
2007;12;28;4;75.0
2007;12;29;5;75.0
2007;12;30;6;69.0
2007;12;31;0;70.0
2008;01;01;1;47.0
2008;01;02;2;8.0
2008;01;03;3;18.0
2008;01;04;4;60.0
2008;01;05;5;77.0
2008;01;06;6;72.0
2008;01;07;0;87.0
2008;01;08;1;69.0
2008;01;09;2;74.0
2008;01;10;3;92.0
2008;01;11;4;93.0
2008;01;12;5;60.0
2008;01;13;6;88.0
2008;01;14;0;95.0
2008;01;15;1;96.0
2008;01;16;2;74.0
2008;01;17;3;93.0
2008;01;18;4;108.0
2008;01;19;5;131.0
2008;01;20;6;110.0
2008;01;21;0;100.0
2008;01;22;1;86.0
2008;01;23;2;96.0
2008;01;24;3;78.0
2008;01;25;4;54.0
2008;01;26;5;41.0
2008;01;27;6;52.0
2008;01;28;0;16.0
2008;01;29;1;37.0
2008;01;30;2;51.0
2008;01;31;3;51.0
2008;02;01;4;62.0
2008;02;02;5;38.0
2008;02;03;6;40.0
2008;02;04;0;68.0
2008;02;05;1;100.0
2008;02;06;2;90.0
2008;02;07;3;68.0
2008;02;08;4;77.0
2008;02;09;5;70.0
2008;02;10;6;62.0
2008;02;11;0;53.0
2008;02;12;1;58.0
2008;02;13;2;46.0
2008;02;14;3;26.0
2008;02;15;4;12.0
2008;02;16;5;22.0
2008;02;17;6;24.0
2008;02;18;0;30.0
2008;02;19;1;52.0
2008;02;20;2;87.0
2008;02;21;3;82.0
2008;02;22;4;86.0
2008;02;23;5;98.0
2008;02;24;6;92.0
2008;02;25;0;83.0
2008;02;26;1;104.0
2008;02;27;2;83.0
2008;02;28;3;109.0
2008;02;29;4;88.0
2008;03;01;5;112.0
2008;03;02;6;112.0
2008;03;03;0;70.0
2008;03;04;1;42.0
2008;03;05;2;48.0
2008;03;06;3;54.0
2008;03;07;4;83.0
2008;03;08;5;68.0
2008;03;09;6;82.0
2008;03;10;0;70.0
2008;03;11;1;100.0
2008;03;12;2;86.0
2008;03;13;3;88.0
2008;03;14;4;134.0
2008;03;15;5;115.0
2008;03;16;6;92.0
2008;03;17;0;78.0
2008;03;18;1;54.0
2008;03;19;2;62.0
2008;03;20;3;52.0
2008;03;21;4;84.0
2008;03;22;5;44.0
2008;03;23;6;28.0
2008;03;24;0;48.0
2008;03;25;1;56.0
2008;03;26;2;81.0
2008;03;27;3;62.0
2008;03;28;4;72.0
2008;03;29;5;88.0
2008;03;30;6;100.0
2008;03;31;0;82.0
2008;04;01;1;93.0
2008;04;02;2;108.0
2008;04;03;3;108.0
2008;04;04;4;116.0
2008;04;05;5;84.0
2008;04;06;6;38.0
2008;04;07;0;40.0
2008;04;08;1;43.0
2008;04;09;2;42.0
2008;04;10;3;61.0
2008;04;11;4;72.0
2008;04;12;5;90.0
2008;04;13;6;82.0
2008;04;14;0;82.0
2008;04;15;1;60.0
2008;04;16;2;68.0
2008;04;17;3;66.0
2008;04;18;4;101.0
2008;04;19;5;124.0
2008;04;20;6;116.0
2008;04;21;0;124.0
2008;04;22;1;114.0
2008;04;23;2;116.0
2008;04;24;3;110.0
2008;04;25;4;124.0
2008;04;26;5;140.0
2008;04;27;6;157.0
2008;04;28;0;106.0
2008;04;29;1;91.0
2008;04;30;2;94.0
2008;05;01;3;99.0
2008;05;02;4;110.0
2008;05;03;5;156.0
2008;05;04;6;176.0
2008;05;05;0;145.0
2008;05;06;1;151.0
2008;05;07;2;158.0
2008;05;08;3;178.0
2008;05;09;4;178.0
2008;05;10;5;168.0
2008;05;11;6;169.0
2008;05;12;0;155.0
2008;05;13;1;149.0
2008;05;14;2;146.0
2008;05;15;3;149.0
2008;05;16;4;150.0
2008;05;17;5;134.0
2008;05;18;6;124.0
2008;05;19;0;114.0
2008;05;20;1;94.0
2008;05;21;2;127.0
2008;05;22;3;156.0
2008;05;23;4;160.0
2008;05;24;5;152.0
2008;05;25;6;152.0
2008;05;26;0;169.0
2008;05;27;1;130.0
2008;05;28;2;170.0
2008;05;29;3;158.0
2008;05;30;4;159.0
2008;05;31;5;158.0
2008;06;01;6;164.0
2008;06;02;0;186.0
2008;06;03;1;138.0
2008;06;04;2;138.0
2008;06;05;3;140.0
2008;06;06;4;137.0
2008;06;07;5;132.0
2008;06;08;6;127.0
2008;06;09;0;160.0
2008;06;10;1;168.0
2008;06;11;2;155.0
2008;06;12;3;144.0
2008;06;13;4;125.0
2008;06;14;5;126.0
2008;06;15;6;125.0
2008;06;16;0;118.0
2008;06;17;1;140.0
2008;06;18;2;137.0
2008;06;19;3;162.0
2008;06;20;4;141.0
2008;06;21;5;186.0
2008;06;22;6;192.0
2008;06;23;0;138.0
2008;06;24;1;164.0
2008;06;25;2;176.0
2008;06;26;3;154.0
2008;06;27;4;170.0
2008;06;28;5;195.0
2008;06;29;6;180.0
2008;06;30;0;162.0
2008;07;01;1;192.0
2008;07;02;2;171.0
2008;07;03;3;160.0
2008;07;04;4;148.0
2008;07;05;5;183.0
2008;07;06;6;170.0
2008;07;07;0;158.0
2008;07;08;1;159.0
2008;07;09;2;162.0
2008;07;10;3;186.0
2008;07;11;4;181.0
2008;07;12;5;150.0
2008;07;13;6;142.0
2008;07;14;0;150.0
2008;07;15;1;168.0
2008;07;16;2;179.0
2008;07;17;3;170.0
2008;07;18;4;162.0
2008;07;19;5;184.0
2008;07;20;6;160.0
2008;07;21;0;147.0
2008;07;22;1;164.0
2008;07;23;2;176.0
2008;07;24;3;217.0
2008;07;25;4;194.0
2008;07;26;5;201.0
2008;07;27;6;194.0
2008;07;28;0;218.0
2008;07;29;1;186.0
2008;07;30;2;195.0
2008;07;31;3;222.0
2008;08;01;4;194.0
2008;08;02;5;191.0
2008;08;03;6;186.0
2008;08;04;0;179.0
2008;08;05;1;212.0
2008;08;06;2;210.0
2008;08;07;3;204.0
2008;08;08;4;182.0
2008;08;09;5;170.0
2008;08;10;6;193.0
2008;08;11;0;177.0
2008;08;12;1;184.0
2008;08;13;2;169.0
2008;08;14;3;154.0
2008;08;15;4;156.0
2008;08;16;5;153.0
2008;08;17;6;179.0
2008;08;18;0;182.0
2008;08;19;1;190.0
2008;08;20;2;184.0
2008;08;21;3;180.0
2008;08;22;4;174.0
2008;08;23;5;152.0
2008;08;24;6;160.0
2008;08;25;0;152.0
2008;08;26;1;167.0
2008;08;27;2;183.0
2008;08;28;3;169.0
2008;08;29;4;170.0
2008;08;30;5;197.0
2008;08;31;6;192.0
2008;09;01;0;176.0
2008;09;02;1;156.0
2008;09;03;2;154.0
2008;09;04;3;145.0
2008;09;05;4;170.0
2008;09;06;5;172.0
2008;09;07;6;163.0
2008;09;08;0;142.0
2008;09;09;1;170.0
2008;09;10;2;183.0
2008;09;11;3;162.0
2008;09;12;4;140.0
2008;09;13;5;128.0
2008;09;14;6;138.0
2008;09;15;0;134.0
2008;09;16;1;118.0
2008;09;17;2;116.0
2008;09;18;3;108.0
2008;09;19;4;104.0
2008;09;20;5;116.0
2008;09;21;6;115.0
2008;09;22;0;126.0
2008;09;23;1;114.0
2008;09;24;2;150.0
2008;09;25;3;143.0
2008;09;26;4;122.0
2008;09;27;5;122.0
2008;09;28;6;123.0
2008;09;29;0;116.0
2008;09;30;1;122.0
2008;10;01;2;145.0
2008;10;02;3;113.0
2008;10;03;4;92.0
2008;10;04;5;96.0
2008;10;05;6;145.0
2008;10;06;0;146.0
2008;10;07;1;164.0
2008;10;08;2;130.0
2008;10;09;3;119.0
2008;10;10;4;111.0
2008;10;11;5;138.0
2008;10;12;6;162.0
2008;10;13;0;144.0
2008;10;14;1;150.0
2008;10;15;2;149.0
2008;10;16;3;126.0
2008;10;17;4;108.0
2008;10;18;5;97.0
2008;10;19;6;94.0
2008;10;20;0;98.0
2008;10;21;1;104.0
2008;10;22;2;100.0
2008;10;23;3;96.0
2008;10;24;4;112.0
2008;10;25;5;87.0
2008;10;26;6;140.0
2008;10;27;0;92.0
2008;10;28;1;71.0
2008;10;29;2;53.0
2008;10;30;3;32.0
2008;10;31;4;60.0
2008;11;01;5;63.0
2008;11;02;6;92.0
2008;11;03;0;104.0
2008;11;04;1;94.0
2008;11;05;2;113.0
2008;11;06;3;98.0
2008;11;07;4;102.0
2008;11;08;5;88.0
2008;11;09;6;106.0
2008;11;10;0;136.0
2008;11;11;1;99.0
2008;11;12;2;86.0
2008;11;13;3;84.0
2008;11;14;4;106.0
2008;11;15;5;116.0
2008;11;16;6;115.0
2008;11;17;0;105.0
2008;11;18;1;108.0
2008;11;19;2;98.0
2008;11;20;3;110.0
2008;11;21;4;104.0
2008;11;22;5;74.0
2008;11;23;6;69.0
2008;11;24;0;49.0
2008;11;25;1;57.0
2008;11;26;2;53.0
2008;11;27;3;86.0
2008;11;28;4;56.0
2008;11;29;5;48.0
2008;11;30;6;48.0
2008;12;01;0;52.0
2008;12;02;1;44.0
2008;12;03;2;51.0
2008;12;04;3;62.0
2008;12;05;4;70.0
2008;12;06;5;55.0
2008;12;07;6;31.0
2008;12;08;0;3.0
2008;12;09;1;35.0
2008;12;10;2;32.0
2008;12;11;3;34.0
2008;12;12;4;20.0
2008;12;13;5;50.0
2008;12;14;6;39.0
2008;12;15;0;66.0
2008;12;16;1;60.0
2008;12;17;2;54.0
2008;12;18;3;68.0
2008;12;19;4;80.0
2008;12;20;5;94.0
2008;12;21;6;92.0
2008;12;22;0;94.0
2008;12;23;1;88.0
2008;12;24;2;40.0
2008;12;25;3;61.0
2008;12;26;4;22.0
2008;12;27;5;10.0
2008;12;28;6;-13.0
2008;12;29;0;-20.0
2008;12;30;1;-1.0
2008;12;31;2;-21.0
2009;01;01;3;2.0
2009;01;02;4;-16.0
2009;01;03;5;-5.0
2009;01;04;6;-32.0
2009;01;05;0;3.0
2009;01;06;1;-16.0
2009;01;07;2;-26.0
2009;01;08;3;18.0
2009;01;09;4;-38.0
2009;01;10;5;-27.0
2009;01;11;6;10.0
2009;01;12;0;52.0
2009;01;13;1;68.0
2009;01;14;2;42.0
2009;01;15;3;34.0
2009;01;16;4;57.0
2009;01;17;5;86.0
2009;01;18;6;70.0
2009;01;19;0;72.0
2009;01;20;1;42.0
2009;01;21;2;39.0
2009;01;22;3;74.0
2009;01;23;4;78.0
2009;01;24;5;54.0
2009;01;25;6;48.0
2009;01;26;0;49.0
2009;01;27;1;38.0
2009;01;28;2;38.0
2009;01;29;3;18.0
2009;01;30;4;26.0
2009;01;31;5;28.0
2009;02;01;6;-1.0
2009;02;02;0;-2.0
2009;02;03;1;6.0
2009;02;04;2;7.0
2009;02;05;3;60.0
2009;02;06;4;61.0
2009;02;07;5;28.0
2009;02;08;6;36.0
2009;02;09;0;82.0
2009;02;10;1;57.0
2009;02;11;2;48.0
2009;02;12;3;40.0
2009;02;13;4;46.0
2009;02;14;5;24.0
2009;02;15;6;18.0
2009;02;16;0;56.0
2009;02;17;1;74.0
2009;02;18;2;74.0
2009;02;19;3;66.0
2009;02;20;4;66.0
2009;02;21;5;64.0
2009;02;22;6;72.0
2009;02;23;0;70.0
2009;02;24;1;81.0
2009;02;25;2;46.0
2009;02;26;3;66.0
2009;02;27;4;76.0
2009;02;28;5;62.0
2009;03;01;6;72.0
2009;03;02;0;66.0
2009;03;03;1;62.0
2009;03;04;2;51.0
2009;03;05;3;42.0
2009;03;06;4;53.0
2009;03;07;5;80.0
2009;03;08;6;86.0
2009;03;09;0;72.0
2009;03;10;1;93.0
2009;03;11;2;92.0
2009;03;12;3;104.0
2009;03;13;4;110.0
2009;03;14;5;94.0
2009;03;15;6;78.0
2009;03;16;0;81.0
2009;03;17;1;83.0
2009;03;18;2;98.0
2009;03;19;3;78.0
2009;03;20;4;70.0
2009;03;21;5;46.0
2009;03;22;6;56.0
2009;03;23;0;84.0
2009;03;24;1;78.0
2009;03;25;2;79.0
2009;03;26;3;81.0
2009;03;27;4;80.0
2009;03;28;5;66.0
2009;03;29;6;54.0
2009;03;30;0;64.0
2009;03;31;1;54.0
2009;04;01;2;78.0
2009;04;02;3;88.0
2009;04;03;4;100.0
2009;04;04;5;93.0
2009;04;05;6;86.0
2009;04;06;0;115.0
2009;04;07;1;110.0
2009;04;08;2;114.0
2009;04;09;3;148.0
2009;04;10;4;113.0
2009;04;11;5;84.0
2009;04;12;6;105.0
2009;04;13;0;114.0
2009;04;14;1;109.0
2009;04;15;2;131.0
2009;04;16;3;106.0
2009;04;17;4;107.0
2009;04;18;5;78.0
2009;04;19;6;102.0
2009;04;20;0;98.0
2009;04;21;1;113.0
2009;04;22;2;120.0
2009;04;23;3;112.0
2009;04;24;4;124.0
2009;04;25;5;118.0
2009;04;26;6;90.0
2009;04;27;0;100.0
2009;04;28;1;78.0
2009;04;29;2;110.0
2009;04;30;3;123.0
2009;05;01;4;112.0
2009;05;02;5;120.0
2009;05;03;6;104.0
2009;05;04;0;94.0
2009;05;05;1;110.0
2009;05;06;2;126.0
2009;05;07;3;128.0
2009;05;08;4;118.0
2009;05;09;5;100.0
2009;05;10;6;120.0
2009;05;11;0;136.0
2009;05;12;1;111.0
2009;05;13;2;146.0
2009;05;14;3;143.0
2009;05;15;4;120.0
2009;05;16;5;130.0
2009;05;17;6;133.0
2009;05;18;0;137.0
2009;05;19;1;128.0
2009;05;20;2;133.0
2009;05;21;3;130.0
2009;05;22;4;130.0
2009;05;23;5;115.0
2009;05;24;6;153.0
2009;05;25;0;192.0
2009;05;26;1;132.0
2009;05;27;2;110.0
2009;05;28;3;152.0
2009;05;29;4;150.0
2009;05;30;5;152.0
2009;05;31;6;148.0
2009;06;01;0;160.0
2009;06;02;1;151.0
2009;06;03;2;148.0
2009;06;04;3;128.0
2009;06;05;4;124.0
2009;06;06;5;147.0
2009;06;07;6;110.0
2009;06;08;0;104.0
2009;06;09;1;130.0
2009;06;10;2;118.0
2009;06;11;3;150.0
2009;06;12;4;152.0
2009;06;13;5;179.0
2009;06;14;6;168.0
2009;06;15;0;156.0
2009;06;16;1;156.0
2009;06;17;2;166.0
2009;06;18;3;174.0
2009;06;19;4;153.0
2009;06;20;5;139.0
2009;06;21;6;146.0
2009;06;22;0;148.0
2009;06;23;1;142.0
2009;06;24;2;158.0
2009;06;25;3;192.0
2009;06;26;4;178.0
2009;06;27;5;170.0
2009;06;28;6;194.0
2009;06;29;0;232.0
2009;06;30;1;232.0
2009;07;01;2;223.0
2009;07;02;3;218.0
2009;07;03;4;190.0
2009;07;04;5;200.0
2009;07;05;6;189.0
2009;07;06;0;170.0
2009;07;07;1;158.0
2009;07;08;2;178.0
2009;07;09;3;151.0
2009;07;10;4;156.0
2009;07;11;5;170.0
2009;07;12;6;180.0
2009;07;13;0;174.0
2009;07;14;1;182.0
2009;07;15;2;188.0
2009;07;16;3;190.0
2009;07;17;4;161.0
2009;07;18;5;158.0
2009;07;19;6;176.0
2009;07;20;0;164.0
2009;07;21;1;210.0
2009;07;22;2;176.0
2009;07;23;3;176.0
2009;07;24;4;163.0
2009;07;25;5;178.0
2009;07;26;6;175.0
2009;07;27;0;162.0
2009;07;28;1;174.0
2009;07;29;2;176.0
2009;07;30;3;163.0
2009;07;31;4;184.0
2009;08;01;5;171.0
2009;08;02;6;166.0
2009;08;03;0;175.0
2009;08;04;1;212.0
2009;08;05;2;228.0
2009;08;06;3;185.0
2009;08;07;4;178.0
2009;08;08;5;168.0
2009;08;09;6;180.0
2009;08;10;0;194.0
2009;08;11;1;190.0
2009;08;12;2;192.0
2009;08;13;3;187.0
2009;08;14;4;194.0
2009;08;15;5;210.0
2009;08;16;6;188.0
2009;08;17;0;167.0
2009;08;18;1;164.0
2009;08;19;2;211.0
2009;08;20;3;194.0
2009;08;21;4;164.0
2009;08;22;5;186.0
2009;08;23;6;204.0
2009;08;24;0;188.0
2009;08;25;1;166.0
2009;08;26;2;195.0
2009;08;27;3;193.0
2009;08;28;4;158.0
2009;08;29;5;158.0
2009;08;30;6;144.0
2009;08;31;0;194.0
2009;09;01;1;193.0
2009;09;02;2;180.0
2009;09;03;3;160.0
2009;09;04;4;152.0
2009;09;05;5;140.0
2009;09;06;6;152.0
2009;09;07;0;186.0
2009;09;08;1;206.0
2009;09;09;2;176.0
2009;09;10;3;181.0
2009;09;11;4;164.0
2009;09;12;5;169.0
2009;09;13;6;138.0
2009;09;14;0;161.0
2009;09;15;1;152.0
2009;09;16;2;147.0
2009;09;17;3;168.0
2009;09;18;4;180.0
2009;09;19;5;173.0
2009;09;20;6;166.0
2009;09;21;0;162.0
2009;09;22;1;153.0
2009;09;23;2;144.0
2009;09;24;3;145.0
2009;09;25;4;130.0
2009;09;26;5;124.0
2009;09;27;6;136.0
2009;09;28;0;136.0
2009;09;29;1;146.0
2009;09;30;2;142.0
2009;10;01;3;144.0
2009;10;02;4;130.0
2009;10;03;5;123.0
2009;10;04;6;158.0
2009;10;05;0;173.0
2009;10;06;1;178.0
2009;10;07;2;188.0
2009;10;08;3;168.0
2009;10;09;4;161.0
2009;10;10;5;160.0
2009;10;11;6;142.0
2009;10;12;0;122.0
2009;10;13;1;111.0
2009;10;14;2;97.0
2009;10;15;3;59.0
2009;10;16;4;94.0
2009;10;17;5;112.0
2009;10;18;6;94.0
2009;10;19;0;78.0
2009;10;20;1;96.0
2009;10;21;2;112.0
2009;10;22;3;109.0
2009;10;23;4;118.0
2009;10;24;5;156.0
2009;10;25;6;128.0
2009;10;26;0;126.0
2009;10;27;1;123.0
2009;10;28;2;116.0
2009;10;29;3;135.0
2009;10;30;4;122.0
2009;10;31;5;136.0
2009;11;01;6;131.0
2009;11;02;0;98.0
2009;11;03;1;105.0
2009;11;04;2;94.0
2009;11;05;3;102.0
2009;11;06;4;92.0
2009;11;07;5;86.0
2009;11;08;6;85.0
2009;11;09;0;66.0
2009;11;10;1;68.0
2009;11;11;2;88.0
2009;11;12;3;115.0
2009;11;13;4;156.0
2009;11;14;5;128.0
2009;11;15;6;117.0
2009;11;16;0;124.0
2009;11;17;1;108.0
2009;11;18;2;114.0
2009;11;19;3;112.0
2009;11;20;4;123.0
2009;11;21;5;128.0
2009;11;22;6;105.0
2009;11;23;0;110.0
2009;11;24;1;134.0
2009;11;25;2;108.0
2009;11;26;3;103.0
2009;11;27;4;83.0
2009;11;28;5;90.0
2009;11;29;6;82.0
2009;11;30;0;72.0
2009;12;01;1;52.0
2009;12;02;2;88.0
2009;12;03;3;71.0
2009;12;04;4;64.0
2009;12;05;5;102.0
2009;12;06;6;108.0
2009;12;07;0;82.0
2009;12;08;1;85.0
2009;12;09;2;114.0
2009;12;10;3;90.0
2009;12;11;4;38.0
2009;12;12;5;48.0
2009;12;13;6;31.0
2009;12;14;0;-5.0
2009;12;15;1;-31.0
2009;12;16;2;-30.0
2009;12;17;3;15.0
2009;12;18;4;0.0
2009;12;19;5;-16.0
2009;12;20;6;-1.0
2009;12;21;0;-12.0
2009;12;22;1;13.0
2009;12;23;2;-1.0
2009;12;24;3;32.0
2009;12;25;4;56.0
2009;12;26;5;52.0
2009;12;27;6;68.0
2009;12;28;0;42.0
2009;12;29;1;87.0
2009;12;30;2;98.0
2009;12;31;3;50.0
2010;01;01;4;13.0
2010;01;02;5;16.0
2010;01;03;6;5.0
2010;01;04;0;-26.0
2010;01;05;1;-19.0
2010;01;06;2;-11.0
2010;01;07;3;-35.0
2010;01;08;4;-19.0
2010;01;09;5;-10.0
2010;01;10;6;-1.0
2010;01;11;0;-20.0
2010;01;12;1;-44.0
2010;01;13;2;20.0
2010;01;14;3;28.0
2010;01;15;4;36.0
2010;01;16;5;56.0
2010;01;17;6;82.0
2010;01;18;0;66.0
2010;01;19;1;39.0
2010;01;20;2;53.0
2010;01;21;3;38.0
2010;01;22;4;66.0
2010;01;23;5;70.0
2010;01;24;6;54.0
2010;01;25;0;42.0
2010;01;26;1;24.0
2010;01;27;2;14.0
2010;01;28;3;51.0
2010;01;29;4;63.0
2010;01;30;5;16.0
2010;01;31;6;5.0
2010;02;01;0;34.0
2010;02;02;1;50.0
2010;02;03;2;90.0
2010;02;04;3;82.0
2010;02;05;4;82.0
2010;02;06;5;70.0
2010;02;07;6;55.0
2010;02;08;0;24.0
2010;02;09;1;13.0
2010;02;10;2;15.0
2010;02;11;3;-8.0
2010;02;12;4;4.0
2010;02;13;5;12.0
2010;02;14;6;-10.0
2010;02;15;0;14.0
2010;02;16;1;28.0
2010;02;17;2;2.0
2010;02;18;3;41.0
2010;02;19;4;42.0
2010;02;20;5;36.0
2010;02;21;6;44.0
2010;02;22;0;82.0
2010;02;23;1;96.0
2010;02;24;2;94.0
2010;02;25;3;98.0
2010;02;26;4;75.0
2010;02;27;5;73.0
2010;02;28;6;64.0
2010;03;01;0;45.0
2010;03;02;1;48.0
2010;03;03;2;56.0
2010;03;04;3;42.0
2010;03;05;4;24.0
2010;03;06;5;29.0
2010;03;07;6;4.0
2010;03;08;0;19.0
2010;03;09;1;16.0
2010;03;10;2;35.0
2010;03;11;3;43.0
2010;03;12;4;50.0
2010;03;13;5;56.0
2010;03;14;6;46.0
2010;03;15;0;74.0
2010;03;16;1;65.0
2010;03;17;2;96.0
2010;03;18;3;112.0
2010;03;19;4;140.0
2010;03;20;5;148.0
2010;03;21;6;100.0
2010;03;22;0;74.0
2010;03;23;1;120.0
2010;03;24;2;128.0
2010;03;25;3;132.0
2010;03;26;4;94.0
2010;03;27;5;94.0
2010;03;28;6;108.0
2010;03;29;0;123.0
2010;03;30;1;82.0
2010;03;31;2;58.0
2010;04;01;3;68.0
2010;04;02;4;88.0
2010;04;03;5;87.0
2010;04;04;6;80.0
2010;04;05;0;72.0
2010;04;06;1;105.0
2010;04;07;2;96.0
2010;04;08;3;82.0
2010;04;09;4;80.0
2010;04;10;5;92.0
2010;04;11;6;80.0
2010;04;12;0;75.0
2010;04;13;1;91.0
2010;04;14;2;78.0
2010;04;15;3;90.0
2010;04;16;4;78.0
2010;04;17;5;78.0
2010;04;18;6;100.0
2010;04;19;0;98.0
2010;04;20;1;76.0
2010;04;21;2;64.0
2010;04;22;3;83.0
2010;04;23;4;81.0
2010;04;24;5;116.0
2010;04;25;6;139.0
2010;04;26;0;120.0
2010;04;27;1;126.0
2010;04;28;2;152.0
2010;04;29;3;164.0
2010;04;30;4;126.0
2010;05;01;5;108.0
2010;05;02;6;94.0
2010;05;03;0;84.0
2010;05;04;1;78.0
2010;05;05;2;84.0
2010;05;06;3;81.0
2010;05;07;4;84.0
2010;05;08;5;90.0
2010;05;09;6;102.0
2010;05;10;0;102.0
2010;05;11;1;86.0
2010;05;12;2;80.0
2010;05;13;3;76.0
2010;05;14;4;72.0
2010;05;15;5;90.0
2010;05;16;6;105.0
2010;05;17;0;131.0
2010;05;18;1;112.0
2010;05;19;2;117.0
2010;05;20;3;121.0
2010;05;21;4;141.0
2010;05;22;5;132.0
2010;05;23;6;146.0
2010;05;24;0;181.0
2010;05;25;1;177.0
2010;05;26;2;125.0
2010;05;27;3;128.0
2010;05;28;4;123.0
2010;05;29;5;130.0
2010;05;30;6;152.0
2010;05;31;0;128.0
2010;06;01;1;128.0
2010;06;02;2;136.0
2010;06;03;3;128.0
2010;06;04;4;177.0
2010;06;05;5;204.0
2010;06;06;6;170.0
2010;06;07;0;163.0
2010;06;08;1;176.0
2010;06;09;2;158.0
2010;06;10;3;152.0
2010;06;11;4;164.0
2010;06;12;5;140.0
2010;06;13;6;140.0
2010;06;14;0;142.0
2010;06;15;1;140.0
2010;06;16;2;134.0
2010;06;17;3;149.0
2010;06;18;4;139.0
2010;06;19;5;126.0
2010;06;20;6;122.0
2010;06;21;0;126.0
2010;06;22;1;148.0
2010;06;23;2;161.0
2010;06;24;3;157.0
2010;06;25;4;163.0
2010;06;26;5;172.0
2010;06;27;6;183.0
2010;06;28;0;187.0
2010;06;29;1;183.0
2010;06;30;2;200.0
2010;07;01;3;212.0
2010;07;02;4;228.0
2010;07;03;5;187.0
2010;07;04;6;170.0
2010;07;05;0;193.0
2010;07;06;1;165.0
2010;07;07;2;179.0
2010;07;08;3;178.0
2010;07;09;4;202.0
2010;07;10;5;194.0
2010;07;11;6;200.0
2010;07;12;0;203.0
2010;07;13;1;218.0
2010;07;14;2;192.0
2010;07;15;3;194.0
2010;07;16;4;186.0
2010;07;17;5;164.0
2010;07;18;6;162.0
2010;07;19;0;202.0
2010;07;20;1;214.0
2010;07;21;2;192.0
2010;07;22;3;183.0
2010;07;23;4;170.0
2010;07;24;5;167.0
2010;07;25;6;188.0
2010;07;26;0;202.0
2010;07;27;1;208.0
2010;07;28;2;208.0
2010;07;29;3;176.0
2010;07;30;4;187.0
2010;07;31;5;192.0
2010;08;01;6;170.0
2010;08;02;0;182.0
2010;08;03;1;174.0
2010;08;04;2;174.0
2010;08;05;3;166.0
2010;08;06;4;172.0
2010;08;07;5;181.0
2010;08;08;6;179.0
2010;08;09;0;175.0
2010;08;10;1;168.0
2010;08;11;2;188.0
2010;08;12;3;172.0
2010;08;13;4;160.0
2010;08;14;5;145.0
2010;08;15;6;156.0
2010;08;16;0;184.0
2010;08;17;1;172.0
2010;08;18;2;167.0
2010;08;19;3;174.0
2010;08;20;4;200.0
2010;08;21;5;221.0
2010;08;22;6;208.0
2010;08;23;0;204.0
2010;08;24;1;159.0
2010;08;25;2;162.0
2010;08;26;3;213.0
2010;08;27;4;168.0
2010;08;28;5;156.0
2010;08;29;6;155.0
2010;08;30;0;134.0
2010;08;31;1;138.0
2010;09;01;2;148.0
2010;09;02;3;156.0
2010;09;03;4;164.0
2010;09;04;5;170.0
2010;09;05;6;189.0
2010;09;06;0;184.0
2010;09;07;1;162.0
2010;09;08;2;167.0
2010;09;09;3;163.0
2010;09;10;4;168.0
2010;09;11;5;169.0
2010;09;12;6;158.0
2010;09;13;0;152.0
2010;09;14;1;172.0
2010;09;15;2;150.0
2010;09;16;3;150.0
2010;09;17;4;129.0
2010;09;18;5;124.0
2010;09;19;6;120.0
2010;09;20;0;140.0
2010;09;21;1;158.0
2010;09;22;2;176.0
2010;09;23;3;168.0
2010;09;24;4;145.0
2010;09;25;5;119.0
2010;09;26;6;100.0
2010;09;27;0;128.0
2010;09;28;1;138.0
2010;09;29;2;144.0
2010;09;30;3;132.0
2010;10;01;4;138.0
2010;10;02;5;164.0
2010;10;03;6;163.0
2010;10;04;0;156.0
2010;10;05;1;136.0
2010;10;06;2;155.0
2010;10;07;3;132.0
2010;10;08;4;182.0
2010;10;09;5;182.0
2010;10;10;6;166.0
2010;10;11;0;139.0
2010;10;12;1;115.0
2010;10;13;2;112.0
2010;10;14;3;129.0
2010;10;15;4;114.0
2010;10;16;5;118.0
2010;10;17;6;78.0
2010;10;18;0;94.0
2010;10;19;1;117.0
2010;10;20;2;85.0
2010;10;21;3;54.0
2010;10;22;4;81.0
2010;10;23;5;86.0
2010;10;24;6;88.0
2010;10;25;0;78.0
2010;10;26;1;53.0
2010;10;27;2;117.0
2010;10;28;3;113.0
2010;10;29;4;115.0
2010;10;30;5;112.0
2010;10;31;6;124.0
2010;11;01;0;114.0
2010;11;02;1;114.0
2010;11;03;2;128.0
2010;11;04;3;156.0
2010;11;05;4;139.0
2010;11;06;5;115.0
2010;11;07;6;66.0
2010;11;08;0;76.0
2010;11;09;1;94.0
2010;11;10;2;74.0
2010;11;11;3;82.0
2010;11;12;4;130.0
2010;11;13;5;123.0
2010;11;14;6;99.0
2010;11;15;0;66.0
2010;11;16;1;68.0
2010;11;17;2;34.0
2010;11;18;3;74.0
2010;11;19;4;74.0
2010;11;20;5;82.0
2010;11;21;6;66.0
2010;11;22;0;51.0
2010;11;23;1;68.0
2010;11;24;2;56.0
2010;11;25;3;26.0
2010;11;26;4;22.0
2010;11;27;5;-9.0
2010;11;28;6;-24.0
2010;11;29;0;-15.0
2010;11;30;1;-34.0
