2006;12;01;4;98.0
2006;12;02;5;118.0
2006;12;03;6;90.0
2006;12;04;0;121.0
2006;12;05;1;146.0
2006;12;06;2;99.0
2006;12;07;3;72.0
2006;12;08;4;80.0
2006;12;09;5;61.0
2006;12;10;6;36.0
2006;12;11;0;48.0
2006;12;12;1;52.0
2006;12;13;2;26.0
2006;12;14;3;26.0
2006;12;15;4;95.0
2006;12;16;5;84.0
2006;12;17;6;56.0
2006;12;18;0;12.0
2006;12;19;1;26.0
2006;12;20;2;0.0
2006;12;21;3;-36.0
2006;12;22;4;4.0
2006;12;23;5;-34.0
2006;12;24;6;-46.0
2006;12;25;0;-48.0
2006;12;26;1;-34.0
2006;12;27;2;11.0
2006;12;28;3;40.0
2006;12;29;4;40.0
2006;12;30;5;86.0
2006;12;31;6;115.0
2007;01;01;0;95.0
2007;01;02;1;70.0
2007;01;03;2;78.0
2007;01;04;3;86.0
2007;01;05;4;90.0
2007;01;06;5;101.0
2007;01;07;6;111.0
2007;01;08;0;102.0
2007;01;09;1;126.0
2007;01;10;2;110.0
2007;01;11;3;99.0
2007;01;12;4;110.0
2007;01;13;5;82.0
2007;01;14;6;100.0
2007;01;15;0;70.0
2007;01;16;1;98.0
2007;01;17;2;114.0
2007;01;18;3;130.0
2007;01;19;4;126.0
2007;01;20;5;120.0
2007;01;21;6;89.0
2007;01;22;0;52.0
2007;01;23;1;-11.0
2007;01;24;2;-1.0
2007;01;25;3;0.0
2007;01;26;4;-36.0
2007;01;27;5;-24.0
2007;01;28;6;12.0
2007;01;29;0;8.0
2007;01;30;1;-3.0
2007;01;31;2;8.0
2007;02;01;3;31.0
2007;02;02;4;21.0
2007;02;03;5;43.0
2007;02;04;6;72.0
2007;02;05;0;78.0
2007;02;06;1;82.0
2007;02;07;2;78.0
2007;02;08;3;85.0
2007;02;09;4;68.0
2007;02;10;5;84.0
2007;02;11;6;110.0
2007;02;12;0;94.0
2007;02;13;1;85.0
2007;02;14;2;113.0
2007;02;15;3;76.0
2007;02;16;4;130.0
2007;02;17;5;125.0
2007;02;18;6;84.0
2007;02;19;0;93.0
2007;02;20;1;93.0
2007;02;21;2;98.0
2007;02;22;3;74.0
2007;02;23;4;117.0
2007;02;24;5;111.0
2007;02;25;6;104.0
2007;02;26;0;96.0
2007;02;27;1;94.0
2007;02;28;2;125.0
2007;03;01;3;103.0
2007;03;02;4;122.0
2007;03;03;5;138.0
2007;03;04;6;160.0
2007;03;05;0;120.0
2007;03;06;1;92.0
2007;03;07;2;82.0
2007;03;08;3;100.0
2007;03;09;4;60.0
2007;03;10;5;72.0
2007;03;11;6;89.0
2007;03;12;0;117.0
2007;03;13;1;107.0
2007;03;14;2;110.0
2007;03;15;3;126.0
2007;03;16;4;112.0
2007;03;17;5;84.0
2007;03;18;6;88.0
2007;03;19;0;47.0
2007;03;20;1;30.0
2007;03;21;2;38.0
2007;03;22;3;32.0
2007;03;23;4;36.0
2007;03;24;5;56.0
2007;03;25;6;56.0
2007;03;26;0;82.0
2007;03;27;1;112.0
2007;03;28;2;114.0
2007;03;29;3;106.0
2007;03;30;4;75.0
2007;03;31;5;58.0
2007;04;01;6;108.0
2007;04;02;0;151.0
2007;04;03;1;124.0
2007;04;04;2;62.0
2007;04;05;3;90.0
2007;04;06;4;114.0
2007;04;07;5;132.0
2007;04;08;6;156.0
2007;04;09;0;144.0
2007;04;10;1;146.0
2007;04;11;2;148.0
2007;04;12;3;149.0
2007;04;13;4;140.0
2007;04;14;5;162.0
2007;04;15;6;157.0
2007;04;16;0;188.0
2007;04;17;1;142.0
2007;04;18;2;190.0
2007;04;19;3;160.0
2007;04;20;4;180.0
2007;04;21;5;174.0
2007;04;22;6;196.0
2007;04;23;0;196.0
2007;04;24;1;205.0
2007;04;25;2;179.0
2007;04;26;3;184.0
2007;04;27;4;186.0
2007;04;28;5;188.0
2007;04;29;6;170.0
2007;04;30;0;174.0
2007;05;01;1;138.0
2007;05;02;2;120.0
2007;05;03;3;115.0
2007;05;04;4;144.0
2007;05;05;5;118.0
2007;05;06;6;152.0
2007;05;07;0;136.0
2007;05;08;1;144.0
2007;05;09;2;176.0
2007;05;10;3;202.0
2007;05;11;4;174.0
2007;05;12;5;182.0
2007;05;13;6;218.0
2007;05;14;0;132.0
2007;05;15;1;128.0
2007;05;16;2;132.0
2007;05;17;3;131.0
2007;05;18;4;178.0
2007;05;19;5;175.0
2007;05;20;6;210.0
2007;05;21;0;203.0
2007;05;22;1;195.0
2007;05;23;2;230.0
2007;05;24;3;236.0
2007;05;25;4;211.0
2007;05;26;5;162.0
2007;05;27;6;122.0
2007;05;28;0;104.0
2007;05;29;1;110.0
2007;05;30;2;175.0
2007;05;31;3;162.0
2007;06;01;4;141.0
2007;06;02;5;144.0
2007;06;03;6;172.0
2007;06;04;0;166.0
2007;06;05;1;193.0
2007;06;06;2;181.0
2007;06;07;3;192.0
2007;06;08;4;216.0
2007;06;09;5;210.0
2007;06;10;6;230.0
2007;06;11;0;208.0
2007;06;12;1;200.0
2007;06;13;2;212.0
2007;06;14;3;224.0
2007;06;15;4;188.0
2007;06;16;5;189.0
2007;06;17;6;189.0
2007;06;18;0;230.0
2007;06;19;1;248.0
2007;06;20;2;208.0
2007;06;21;3;176.0
2007;06;22;4;164.0
2007;06;23;5;176.0
2007;06;24;6;203.0
2007;06;25;0;172.0
2007;06;26;1;159.0
2007;06;27;2;157.0
2007;06;28;3;147.0
2007;06;29;4;159.0
2007;06;30;5;186.0
2007;07;01;6;182.0
2007;07;02;0;190.0
2007;07;03;1;144.0
2007;07;04;2;170.0
2007;07;05;3;168.0
2007;07;06;4;204.0
2007;07;07;5;206.0
2007;07;08;6;193.0
2007;07;09;0;168.0
2007;07;10;1;154.0
2007;07;11;2;175.0
2007;07;12;3;174.0
2007;07;13;4;208.0
2007;07;14;5;234.0
2007;07;15;6;256.0
2007;07;16;0;226.0
2007;07;17;1;218.0
2007;07;18;2;212.0
2007;07;19;3;221.0
2007;07;20;4;187.0
2007;07;21;5;172.0
2007;07;22;6;171.0
2007;07;23;0;156.0
2007;07;24;1;188.0
2007;07;25;2;172.0
2007;07;26;3;200.0
2007;07;27;4;212.0
2007;07;28;5;196.0
2007;07;29;6;210.0
2007;07;30;0;215.0
2007;07;31;1;176.0
2007;08;01;2;247.0
2007;08;02;3;207.0
2007;08;03;4;178.0
2007;08;04;5;214.0
2007;08;05;6;265.0
2007;08;06;0;191.0
2007;08;07;1;182.0
2007;08;08;2;160.0
2007;08;09;3;151.0
2007;08;10;4;154.0
2007;08;11;5;186.0
2007;08;12;6;212.0
2007;08;13;0;202.0
2007;08;14;1;226.0
2007;08;15;2;271.0
2007;08;16;3;192.0
2007;08;17;4;151.0
2007;08;18;5;168.0
2007;08;19;6;174.0
2007;08;20;0;155.0
2007;08;21;1;157.0
2007;08;22;2;147.0
2007;08;23;3;185.0
2007;08;24;4;199.0
2007;08;25;5;210.0
2007;08;26;6;248.0
2007;08;27;0;262.0
2007;08;28;1;272.0
2007;08;29;2;202.0
2007;08;30;3;178.0
2007;08;31;4;137.0
2007;09;01;5;159.0
2007;09;02;6;160.0
2007;09;03;0;155.0
2007;09;04;1;166.0
2007;09;05;2;132.0
2007;09;06;3;143.0
2007;09;07;4;181.0
2007;09;08;5;168.0
2007;09;09;6;172.0
2007;09;10;0;158.0
2007;09;11;1;156.0
2007;09;12;2;152.0
2007;09;13;3;203.0
2007;09;14;4;206.0
2007;09;15;5;192.0
2007;09;16;6;194.0
2007;09;17;0;214.0
2007;09;18;1;150.0
2007;09;19;2;110.0
2007;09;20;3;138.0
2007;09;21;4;186.0
2007;09;22;5;166.0
2007;09;23;6;173.0
2007;09;24;0;170.0
2007;09;25;1;128.0
2007;09;26;2;128.0
2007;09;27;3;94.0
2007;09;28;4;120.0
2007;09;29;5;128.0
2007;09;30;6;171.0
2007;10;01;0;209.0
2007;10;02;1;219.0
2007;10;03;2;184.0
2007;10;04;3;212.0
2007;10;05;4;186.0
2007;10;06;5;187.0
2007;10;07;6;183.0
2007;10;08;0;164.0
2007;10;09;1;144.0
2007;10;10;2;130.0
2007;10;11;3;134.0
2007;10;12;4;134.0
2007;10;13;5;123.0
2007;10;14;6;156.0
2007;10;15;0;173.0
2007;10;16;1;171.0
2007;10;17;2;149.0
2007;10;18;3;144.0
2007;10;19;4;94.0
2007;10;20;5;73.0
2007;10;21;6;70.0
2007;10;22;0;72.0
2007;10;23;1;58.0
2007;10;24;2;55.0
2007;10;25;3;96.0
2007;10;26;4;56.0
2007;10;27;5;74.0
2007;10;28;6;80.0
2007;10;29;0;72.0
2007;10;30;1;78.0
2007;10;31;2;89.0
2007;11;01;3;71.0
2007;11;02;4;80.0
2007;11;03;5;69.0
2007;11;04;6;108.0
2007;11;05;0;60.0
2007;11;06;1;55.0
2007;11;07;2;50.0
2007;11;08;3;46.0
2007;11;09;4;91.0
2007;11;10;5;45.0
2007;11;11;6;80.0
2007;11;12;0;88.0
2007;11;13;1;44.0
2007;11;14;2;71.0
2007;11;15;3;8.0
2007;11;16;4;0.0
2007;11;17;5;-22.0
2007;11;18;6;13.0
2007;11;19;0;93.0
2007;11;20;1;149.0
2007;11;21;2;130.0
2007;11;22;3;78.0
2007;11;23;4;74.0
2007;11;24;5;66.0
2007;11;25;6;0.0
2007;11;26;0;64.0
2007;11;27;1;52.0
2007;11;28;2;28.0
2007;11;29;3;5.0
2007;11;30;4;65.0
2007;12;01;5;91.0
2007;12;02;6;98.0
2007;12;03;0;96.0
2007;12;04;1;104.0
2007;12;05;2;85.0
2007;12;06;3;114.0
2007;12;07;4;110.0
2007;12;08;5;84.0
2007;12;09;6;82.0
2007;12;10;0;78.0
2007;12;11;1;56.0
2007;12;12;2;22.0
2007;12;13;3;14.0
2007;12;14;4;8.0
2007;12;15;5;-25.0
2007;12;16;6;-2.0
2007;12;17;0;5.0
2007;12;18;1;59.0
2007;12;19;2;62.0
2007;12;20;3;90.0
2007;12;21;4;98.0
2007;12;22;5;90.0
2007;12;23;6;69.0
2007;12;24;0;22.0
2007;12;25;1;-2.0
2007;12;26;2;50.0
2007;12;27;3;34.0
2007;12;28;4;13.0
2007;12;29;5;22.0
2007;12;30;6;55.0
2007;12;31;0;18.0
2008;01;01;1;4.0
2008;01;02;2;38.0
2008;01;03;3;78.0
2008;01;04;4;78.0
2008;01;05;5;92.0
2008;01;06;6;106.0
2008;01;07;0;96.0
2008;01;08;1;56.0
2008;01;09;2;80.0
2008;01;10;3;93.0
2008;01;11;4;94.0
2008;01;12;5;63.0
2008;01;13;6;62.0
2008;01;14;0;96.0
2008;01;15;1;80.0
2008;01;16;2;67.0
2008;01;17;3;86.0
2008;01;18;4;104.0
2008;01;19;5;111.0
2008;01;20;6;71.0
2008;01;21;0;78.0
2008;01;22;1;98.0
2008;01;23;2;54.0
2008;01;24;3;55.0
2008;01;25;4;88.0
2008;01;26;5;60.0
2008;01;27;6;54.0
2008;01;28;0;40.0
2008;01;29;1;19.0
2008;01;30;2;46.0
2008;01;31;3;30.0
2008;02;01;4;66.0
2008;02;02;5;43.0
2008;02;03;6;42.0
2008;02;04;0;61.0
2008;02;05;1;81.0
2008;02;06;2;110.0
2008;02;07;3;68.0
2008;02;08;4;100.0
2008;02;09;5;107.0
2008;02;10;6;96.0
2008;02;11;0;86.0
2008;02;12;1;97.0
2008;02;13;2;82.0
2008;02;14;3;92.0
2008;02;15;4;69.0
2008;02;16;5;71.0
2008;02;17;6;80.0
2008;02;18;0;92.0
2008;02;19;1;92.0
2008;02;20;2;119.0
2008;02;21;3;112.0
2008;02;22;4;103.0
2008;02;23;5;105.0
2008;02;24;6;118.0
2008;02;25;0;110.0
2008;02;26;1;112.0
2008;02;27;2;120.0
2008;02;28;3;128.0
2008;02;29;4;120.0
2008;03;01;5;114.0
2008;03;02;6;127.0
2008;03;03;0;82.0
2008;03;04;1;41.0
2008;03;05;2;34.0
2008;03;06;3;39.0
2008;03;07;4;64.0
2008;03;08;5;88.0
2008;03;09;6;64.0
2008;03;10;0;62.0
2008;03;11;1;90.0
2008;03;12;2;108.0
2008;03;13;3;98.0
2008;03;14;4;120.0
2008;03;15;5;146.0
2008;03;16;6;90.0
2008;03;17;0;88.0
2008;03;18;1;88.0
2008;03;19;2;39.0
2008;03;20;3;37.0
2008;03;21;4;62.0
2008;03;22;5;49.0
2008;03;23;6;44.0
2008;03;24;0;42.0
2008;03;25;1;96.0
2008;03;26;2;82.0
2008;03;27;3;60.0
2008;03;28;4;81.0
2008;03;29;5;96.0
2008;03;30;6;122.0
2008;03;31;0;94.0
2008;04;01;1;110.0
2008;04;02;2;128.0
2008;04;03;3;118.0
2008;04;04;4;106.0
2008;04;05;5;102.0
2008;04;06;6;82.0
2008;04;07;0;44.0
2008;04;08;1;112.0
2008;04;09;2;158.0
2008;04;10;3;136.0
2008;04;11;4;96.0
2008;04;12;5;80.0
2008;04;13;6;115.0
2008;04;14;0;95.0
2008;04;15;1;90.0
2008;04;16;2;105.0
2008;04;17;3;99.0
2008;04;18;4;96.0
2008;04;19;5;122.0
2008;04;20;6;117.0
2008;04;21;0;106.0
2008;04;22;1;102.0
2008;04;23;2;87.0
2008;04;24;3;120.0
2008;04;25;4;129.0
2008;04;26;5;175.0
2008;04;27;6;193.0
2008;04;28;0;100.0
2008;04;29;1;117.0
2008;04;30;2;105.0
2008;05;01;3;123.0
2008;05;02;4;165.0
2008;05;03;5;198.0
2008;05;04;6;202.0
2008;05;05;0;142.0
2008;05;06;1;160.0
2008;05;07;2;172.0
2008;05;08;3;185.0
2008;05;09;4;152.0
2008;05;10;5;182.0
2008;05;11;6;188.0
2008;05;12;0;154.0
2008;05;13;1;164.0
2008;05;14;2;171.0
2008;05;15;3;174.0
2008;05;16;4;146.0
2008;05;17;5;154.0
2008;05;18;6;141.0
2008;05;19;0;140.0
2008;05;20;1;148.0
2008;05;21;2;139.0
2008;05;22;3;150.0
2008;05;23;4;154.0
2008;05;24;5;176.0
2008;05;25;6;136.0
2008;05;26;0;166.0
2008;05;27;1;159.0
2008;05;28;2;162.0
2008;05;29;3;170.0
2008;05;30;4;173.0
2008;05;31;5;176.0
2008;06;01;6;172.0
2008;06;02;0;150.0
2008;06;03;1;161.0
2008;06;04;2;146.0
2008;06;05;3;128.0
2008;06;06;4;160.0
2008;06;07;5;140.0
2008;06;08;6;146.0
2008;06;09;0;188.0
2008;06;10;1;192.0
2008;06;11;2;178.0
2008;06;12;3;170.0
2008;06;13;4;161.0
2008;06;14;5;140.0
2008;06;15;6;147.0
2008;06;16;0;156.0
2008;06;17;1;173.0
2008;06;18;2;164.0
2008;06;19;3;195.0
2008;06;20;4;201.0
2008;06;21;5;231.0
2008;06;22;6;248.0
2008;06;23;0;245.0
2008;06;24;1;238.0
2008;06;25;2;222.0
2008;06;26;3;207.0
2008;06;27;4;208.0
2008;06;28;5;200.0
2008;06;29;6;216.0
2008;06;30;0;220.0
2008;07;01;1;248.0
2008;07;02;2;214.0
2008;07;03;3;180.0
2008;07;04;4;184.0
2008;07;05;5;200.0
2008;07;06;6;160.0
2008;07;07;0;162.0
2008;07;08;1;172.0
2008;07;09;2;190.0
2008;07;10;3;223.0
2008;07;11;4;202.0
2008;07;12;5;180.0
2008;07;13;6;161.0
2008;07;14;0;160.0
2008;07;15;1;178.0
2008;07;16;2;204.0
2008;07;17;3;186.0
2008;07;18;4;184.0
2008;07;19;5;219.0
2008;07;20;6;210.0
2008;07;21;0;154.0
2008;07;22;1;165.0
2008;07;23;2;209.0
2008;07;24;3;231.0
2008;07;25;4;203.0
2008;07;26;5;206.0
2008;07;27;6;217.0
2008;07;28;0;246.0
2008;07;29;1;212.0
2008;07;30;2;251.0
2008;07;31;3;276.0
2008;08;01;4;212.0
2008;08;02;5;199.0
2008;08;03;6;224.0
2008;08;04;0;223.0
2008;08;05;1;235.0
2008;08;06;2;272.0
2008;08;07;3;223.0
2008;08;08;4;199.0
2008;08;09;5;170.0
2008;08;10;6;198.0
2008;08;11;0;194.0
2008;08;12;1;194.0
2008;08;13;2;188.0
2008;08;14;3;144.0
2008;08;15;4;171.0
2008;08;16;5;160.0
2008;08;17;6;194.0
2008;08;18;0;235.0
2008;08;19;1;186.0
2008;08;20;2;177.0
2008;08;21;3;197.0
2008;08;22;4;188.0
2008;08;23;5;163.0
2008;08;24;6;167.0
2008;08;25;0;193.0
2008;08;26;1;178.0
2008;08;27;2;200.0
2008;08;28;3;212.0
2008;08;29;4;224.0
2008;08;30;5;254.0
2008;08;31;6;214.0
2008;09;01;0;188.0
2008;09;02;1;212.0
2008;09;03;2;198.0
2008;09;04;3;198.0
2008;09;05;4;227.0
2008;09;06;5;170.0
2008;09;07;6;162.0
2008;09;08;0;180.0
2008;09;09;1;214.0
2008;09;10;2;226.0
2008;09;11;3;217.0
2008;09;12;4;163.0
2008;09;13;5;142.0
2008;09;14;6;152.0
2008;09;15;0;134.0
2008;09;16;1;112.0
2008;09;17;2;158.0
2008;09;18;3;166.0
2008;09;19;4;180.0
2008;09;20;5;141.0
2008;09;21;6;162.0
2008;09;22;0;146.0
2008;09;23;1;134.0
2008;09;24;2;119.0
2008;09;25;3;120.0
2008;09;26;4;112.0
2008;09;27;5;150.0
2008;09;28;6;144.0
2008;09;29;0;138.0
2008;09;30;1;127.0
2008;10;01;2;143.0
2008;10;02;3;148.0
2008;10;03;4;104.0
2008;10;04;5;76.0
2008;10;05;6;119.0
2008;10;06;0;186.0
2008;10;07;1;180.0
2008;10;08;2;138.0
2008;10;09;3;117.0
2008;10;10;4;148.0
2008;10;11;5;190.0
2008;10;12;6;206.0
2008;10;13;0;192.0
2008;10;14;1;192.0
2008;10;15;2;159.0
2008;10;16;3;156.0
2008;10;17;4;124.0
2008;10;18;5;98.0
2008;10;19;6;120.0
2008;10;20;0;185.0
2008;10;21;1;145.0
2008;10;22;2;95.0
2008;10;23;3;90.0
2008;10;24;4;100.0
2008;10;25;5;146.0
2008;10;26;6;110.0
2008;10;27;0;94.0
2008;10;28;1;84.0
2008;10;29;2;52.0
2008;10;30;3;46.0
2008;10;31;4;110.0
2008;11;01;5;104.0
2008;11;02;6;98.0
2008;11;03;0;96.0
2008;11;04;1;98.0
2008;11;05;2;90.0
2008;11;06;3;94.0
2008;11;07;4;104.0
2008;11;08;5;108.0
2008;11;09;6;138.0
2008;11;10;0;139.0
2008;11;11;1;110.0
2008;11;12;2;77.0
2008;11;13;3;74.0
2008;11;14;4;51.0
2008;11;15;5;86.0
2008;11;16;6;64.0
2008;11;17;0;108.0
2008;11;18;1;86.0
2008;11;19;2;92.0
2008;11;20;3;52.0
2008;11;21;4;86.0
2008;11;22;5;74.0
2008;11;23;6;61.0
2008;11;24;0;42.0
2008;11;25;1;19.0
2008;11;26;2;22.0
2008;11;27;3;-5.0
2008;11;28;4;-12.0
2008;11;29;5;29.0
2008;11;30;6;39.0
2008;12;01;0;44.0
2008;12;02;1;48.0
2008;12;03;2;46.0
2008;12;04;3;76.0
2008;12;05;4;78.0
2008;12;06;5;74.0
2008;12;07;6;28.0
2008;12;08;0;68.0
2008;12;09;1;56.0
2008;12;10;2;16.0
2008;12;11;3;16.0
2008;12;12;4;10.0
2008;12;13;5;15.0
2008;12;14;6;35.0
2008;12;15;0;28.0
2008;12;16;1;24.0
2008;12;17;2;18.0
2008;12;18;3;40.0
2008;12;19;4;74.0
2008;12;20;5;82.0
2008;12;21;6;94.0
2008;12;22;0;35.0
2008;12;23;1;52.0
2008;12;24;2;56.0
2008;12;25;3;8.0
2008;12;26;4;-8.0
2008;12;27;5;38.0
2008;12;28;6;57.0
2008;12;29;0;30.0
2008;12;30;1;62.0
2008;12;31;2;96.0
2009;01;01;3;84.0
2009;01;02;4;52.0
2009;01;03;5;3.0
2009;01;04;6;-16.0
2009;01;05;0;2.0
2009;01;06;1;-5.0
2009;01;07;2;-51.0
2009;01;08;3;-29.0
2009;01;09;4;8.0
2009;01;10;5;55.0
2009;01;11;6;22.0
2009;01;12;0;8.0
2009;01;13;1;37.0
2009;01;14;2;61.0
2009;01;15;3;50.0
2009;01;16;4;72.0
2009;01;17;5;62.0
2009;01;18;6;56.0
2009;01;19;0;84.0
2009;01;20;1;41.0
2009;01;21;2;38.0
2009;01;22;3;55.0
2009;01;23;4;98.0
2009;01;24;5;52.0
2009;01;25;6;60.0
2009;01;26;0;52.0
2009;01;27;1;43.0
2009;01;28;2;12.0
2009;01;29;3;61.0
2009;01;30;4;66.0
2009;01;31;5;91.0
2009;02;01;6;91.0
2009;02;02;0;99.0
2009;02;03;1;26.0
2009;02;04;2;72.0
2009;02;05;3;104.0
2009;02;06;4;56.0
2009;02;07;5;31.0
2009;02;08;6;20.0
2009;02;09;0;68.0
2009;02;10;1;65.0
2009;02;11;2;50.0
2009;02;12;3;36.0
2009;02;13;4;-3.0
2009;02;14;5;26.0
2009;02;15;6;2.0
2009;02;16;0;13.0
2009;02;17;1;34.0
2009;02;18;2;70.0
2009;02;19;3;70.0
2009;02;20;4;49.0
2009;02;21;5;66.0
2009;02;22;6;55.0
2009;02;23;0;72.0
2009;02;24;1;71.0
2009;02;25;2;61.0
2009;02;26;3;76.0
2009;02;27;4;79.0
2009;02;28;5;114.0
2009;03;01;6;89.0
2009;03;02;0;92.0
2009;03;03;1;55.0
2009;03;04;2;40.0
2009;03;05;3;28.0
2009;03;06;4;61.0
2009;03;07;5;43.0
2009;03;08;6;88.0
2009;03;09;0;90.0
2009;03;10;1;58.0
2009;03;11;2;104.0
2009;03;12;3;88.0
2009;03;13;4;123.0
2009;03;14;5;106.0
2009;03;15;6;128.0
2009;03;16;0;120.0
2009;03;17;1;132.0
2009;03;18;2;150.0
2009;03;19;3;140.0
2009;03;20;4;97.0
2009;03;21;5;68.0
2009;03;22;6;75.0
2009;03;23;0;92.0
2009;03;24;1;86.0
2009;03;25;2;52.0
2009;03;26;3;106.0
2009;03;27;4;86.0
2009;03;28;5;81.0
2009;03;29;6;72.0
2009;03;30;0;55.0
2009;03;31;1;94.0
2009;04;01;2;101.0
2009;04;02;3;97.0
2009;04;03;4;96.0
2009;04;04;5;113.0
2009;04;05;6;130.0
2009;04;06;0;161.0
2009;04;07;1;94.0
2009;04;08;2;108.0
2009;04;09;3;122.0
2009;04;10;4;150.0
2009;04;11;5;96.0
2009;04;12;6;84.0
2009;04;13;0;108.0
2009;04;14;1;138.0
2009;04;15;2;124.0
2009;04;16;3;112.0
2009;04;17;4;110.0
2009;04;18;5;97.0
2009;04;19;6;112.0
2009;04;20;0;110.0
2009;04;21;1;150.0
2009;04;22;2;135.0
2009;04;23;3;136.0
2009;04;24;4;160.0
2009;04;25;5;96.0
2009;04;26;6;84.0
2009;04;27;0;118.0
2009;04;28;1;92.0
2009;04;29;2;108.0
2009;04;30;3;126.0
2009;05;01;4;151.0
2009;05;02;5;142.0
2009;05;03;6;144.0
2009;05;04;0;134.0
2009;05;05;1;131.0
2009;05;06;2;162.0
2009;05;07;3;190.0
2009;05;08;4;132.0
2009;05;09;5;168.0
2009;05;10;6;185.0
2009;05;11;0;199.0
2009;05;12;1;200.0
2009;05;13;2;178.0
2009;05;14;3;129.0
2009;05;15;4;124.0
2009;05;16;5;146.0
2009;05;17;6;146.0
2009;05;18;0;150.0
2009;05;19;1;164.0
2009;05;20;2;202.0
2009;05;21;3;200.0
2009;05;22;4;213.0
2009;05;23;5;212.0
2009;05;24;6;227.0
2009;05;25;0;210.0
2009;05;26;1;148.0
2009;05;27;2;134.0
2009;05;28;3;156.0
2009;05;29;4;182.0
2009;05;30;5;205.0
2009;05;31;6;204.0
2009;06;01;0;178.0
2009;06;02;1;188.0
2009;06;03;2;198.0
2009;06;04;3;190.0
2009;06;05;4;202.0
2009;06;06;5;162.0
2009;06;07;6;159.0
2009;06;08;0;174.0
2009;06;09;1;156.0
2009;06;10;2;187.0
2009;06;11;3;190.0
2009;06;12;4;187.0
2009;06;13;5;222.0
2009;06;14;6;211.0
2009;06;15;0;212.0
2009;06;16;1;172.0
2009;06;17;2;229.0
2009;06;18;3;230.0
2009;06;19;4;212.0
2009;06;20;5;153.0
2009;06;21;6;148.0
2009;06;22;0;154.0
2009;06;23;1;168.0
2009;06;24;2;177.0
2009;06;25;3;195.0
2009;06;26;4;207.0
2009;06;27;5;196.0
2009;06;28;6;242.0
2009;06;29;0;238.0
2009;06;30;1;250.0
2009;07;01;2;258.0
2009;07;02;3;230.0
2009;07;03;4;245.0
2009;07;04;5;229.0
2009;07;05;6;228.0
2009;07;06;0;190.0
2009;07;07;1;184.0
2009;07;08;2;186.0
2009;07;09;3;174.0
2009;07;10;4;166.0
2009;07;11;5;195.0
2009;07;12;6;226.0
2009;07;13;0;254.0
2009;07;14;1;203.0
2009;07;15;2;220.0
2009;07;16;3;265.0
2009;07;17;4;169.0
2009;07;18;5;166.0
2009;07;19;6;202.0
2009;07;20;0;224.0
2009;07;21;1;289.0
2009;07;22;2;256.0
2009;07;23;3;237.0
2009;07;24;4;212.0
2009;07;25;5;186.0
2009;07;26;6;204.0
2009;07;27;0;214.0
2009;07;28;1;198.0
2009;07;29;2;242.0
2009;07;30;3;209.0
2009;07;31;4;190.0
2009;08;01;5;237.0
2009;08;02;6;184.0
2009;08;03;0;182.0
2009;08;04;1;199.0
2009;08;05;2;236.0
2009;08;06;3;264.0
2009;08;07;4;194.0
2009;08;08;5;226.0
2009;08;09;6;182.0
2009;08;10;0;209.0
2009;08;11;1;197.0
2009;08;12;2;207.0
2009;08;13;3;226.0
2009;08;14;4;236.0
2009;08;15;5;254.0
2009;08;16;6;264.0
2009;08;17;0;238.0
2009;08;18;1;230.0
2009;08;19;2;280.0
2009;08;20;3;256.0
2009;08;21;4;211.0
2009;08;22;5;192.0
2009;08;23;6;226.0
2009;08;24;0;233.0
2009;08;25;1;178.0
2009;08;26;2;216.0
2009;08;27;3;226.0
2009;08;28;4;210.0
2009;08;29;5;154.0
2009;08;30;6;157.0
2009;08;31;0;229.0
2009;09;01;1;200.0
2009;09;02;2;206.0
2009;09;03;3;195.0
2009;09;04;4;178.0
2009;09;05;5;129.0
2009;09;06;6;161.0
2009;09;07;0;224.0
2009;09;08;1;228.0
2009;09;09;2;206.0
2009;09;10;3;203.0
2009;09;11;4;203.0
2009;09;12;5;187.0
2009;09;13;6;189.0
2009;09;14;0;150.0
2009;09;15;1;122.0
2009;09;16;2;128.0
2009;09;17;3;161.0
2009;09;18;4;178.0
2009;09;19;5;150.0
2009;09;20;6;169.0
2009;09;21;0;180.0
2009;09;22;1;188.0
2009;09;23;2;198.0
2009;09;24;3;186.0
2009;09;25;4;170.0
2009;09;26;5;172.0
2009;09;27;6;186.0
2009;09;28;0;188.0
2009;09;29;1;186.0
2009;09;30;2;182.0
2009;10;01;3;170.0
2009;10;02;4;143.0
2009;10;03;5;134.0
2009;10;04;6;142.0
2009;10;05;0;200.0
2009;10;06;1;238.0
2009;10;07;2;227.0
2009;10;08;3;210.0
2009;10;09;4;180.0
2009;10;10;5;172.0
2009;10;11;6;158.0
2009;10;12;0;150.0
2009;10;13;1;115.0
2009;10;14;2;115.0
2009;10;15;3;68.0
2009;10;16;4;52.0
2009;10;17;5;74.0
2009;10;18;6;65.0
2009;10;19;0;74.0
2009;10;20;1;142.0
2009;10;21;2;112.0
2009;10;22;3;107.0
2009;10;23;4;132.0
2009;10;24;5;154.0
2009;10;25;6;156.0
2009;10;26;0;110.0
2009;10;27;1;140.0
2009;10;28;2;146.0
2009;10;29;3;140.0
2009;10;30;4;140.0
2009;10;31;5;140.0
2009;11;01;6;141.0
2009;11;02;0;109.0
2009;11;03;1;110.0
2009;11;04;2;98.0
2009;11;05;3;88.0
2009;11;06;4;81.0
2009;11;07;5;82.0
2009;11;08;6;78.0
2009;11;09;0;62.0
2009;11;10;1;54.0
2009;11;11;2;69.0
2009;11;12;3;127.0
2009;11;13;4;148.0
2009;11;14;5;136.0
2009;11;15;6;118.0
2009;11;16;0;178.0
2009;11;17;1;144.0
2009;11;18;2;98.0
2009;11;19;3;120.0
2009;11;20;4;155.0
2009;11;21;5;140.0
2009;11;22;6;125.0
2009;11;23;0;118.0
2009;11;24;1;138.0
2009;11;25;2;101.0
2009;11;26;3;110.0
2009;11;27;4;94.0
2009;11;28;5;95.0
2009;11;29;6;82.0
2009;11;30;0;54.0
2009;12;01;1;58.0
2009;12;02;2;63.0
2009;12;03;3;96.0
2009;12;04;4;58.0
2009;12;05;5;84.0
2009;12;06;6;118.0
2009;12;07;0;115.0
2009;12;08;1;92.0
2009;12;09;2;120.0
2009;12;10;3;96.0
2009;12;11;4;59.0
2009;12;12;5;33.0
2009;12;13;6;24.0
2009;12;14;0;4.0
2009;12;15;1;-26.0
2009;12;16;2;-31.0
2009;12;17;3;-45.0
2009;12;18;4;4.0
2009;12;19;5;-58.0
2009;12;20;6;-20.0
2009;12;21;0;54.0
2009;12;22;1;106.0
2009;12;23;2;40.0
2009;12;24;3;88.0
2009;12;25;4;71.0
2009;12;26;5;16.0
2009;12;27;6;21.0
2009;12;28;0;78.0
2009;12;29;1;128.0
2009;12;30;2;130.0
2009;12;31;3;98.0
2010;01;01;4;44.0
2010;01;02;5;18.0
2010;01;03;6;8.0
2010;01;04;0;40.0
2010;01;05;1;18.0
2010;01;06;2;-25.0
2010;01;07;3;12.0
2010;01;08;4;-16.0
2010;01;09;5;-46.0
2010;01;10;6;-39.0
2010;01;11;0;-52.0
2010;01;12;1;-10.0
2010;01;13;2;56.0
2010;01;14;3;68.0
2010;01;15;4;43.0
2010;01;16;5;45.0
2010;01;17;6;72.0
2010;01;18;0;32.0
2010;01;19;1;54.0
2010;01;20;2;88.0
2010;01;21;3;54.0
2010;01;22;4;38.0
2010;01;23;5;49.0
2010;01;24;6;72.0
2010;01;25;0;54.0
2010;01;26;1;18.0
2010;01;27;2;2.0
2010;01;28;3;-16.0
2010;01;29;4;34.0
2010;01;30;5;13.0
2010;01;31;6;-21.0
2010;02;01;0;-14.0
2010;02;02;1;26.0
2010;02;03;2;46.0
2010;02;04;3;65.0
2010;02;05;4;80.0
2010;02;06;5;69.0
2010;02;07;6;66.0
2010;02;08;0;35.0
2010;02;09;1;22.0
2010;02;10;2;4.0
2010;02;11;3;-36.0
2010;02;12;4;-28.0
2010;02;13;5;-44.0
2010;02;14;6;-18.0
2010;02;15;0;-29.0
2010;02;16;1;31.0
2010;02;17;2;84.0
2010;02;18;3;72.0
2010;02;19;4;62.0
2010;02;20;5;25.0
2010;02;21;6;64.0
2010;02;22;0;112.0
2010;02;23;1;122.0
2010;02;24;2;114.0
2010;02;25;3;111.0
2010;02;26;4;91.0
2010;02;27;5;86.0
2010;02;28;6;111.0
2010;03;01;0;69.0
2010;03;02;1;86.0
2010;03;03;2;86.0
2010;03;04;3;84.0
2010;03;05;4;51.0
2010;03;06;5;39.0
2010;03;07;6;19.0
2010;03;08;0;6.0
2010;03;09;1;3.0
2010;03;10;2;-12.0
2010;03;11;3;-17.0
2010;03;12;4;30.0
2010;03;13;5;15.0
2010;03;14;6;50.0
2010;03;15;0;52.0
2010;03;16;1;80.0
2010;03;17;2;126.0
2010;03;18;3;122.0
2010;03;19;4;152.0
2010;03;20;5;150.0
2010;03;21;6;118.0
2010;03;22;0;118.0
2010;03;23;1;119.0
2010;03;24;2;155.0
2010;03;25;3;154.0
2010;03;26;4;127.0
2010;03;27;5;96.0
2010;03;28;6;120.0
2010;03;29;0;154.0
2010;03;30;1;92.0
2010;03;31;2;92.0
2010;04;01;3;76.0
2010;04;02;4;94.0
2010;04;03;5;98.0
2010;04;04;6;93.0
2010;04;05;0;78.0
2010;04;06;1;130.0
2010;04;07;2;96.0
2010;04;08;3;100.0
2010;04;09;4;126.0
2010;04;10;5;147.0
2010;04;11;6;112.0
2010;04;12;0;81.0
2010;04;13;1;70.0
2010;04;14;2;85.0
2010;04;15;3;117.0
2010;04;16;4;109.0
2010;04;17;5;136.0
2010;04;18;6;150.0
2010;04;19;0;157.0
2010;04;20;1;143.0
2010;04;21;2;160.0
2010;04;22;3;179.0
2010;04;23;4;155.0
2010;04;24;5;176.0
2010;04;25;6;168.0
2010;04;26;0;154.0
2010;04;27;1;148.0
2010;04;28;2;195.0
2010;04;29;3;196.0
2010;04;30;4;142.0
2010;05;01;5;154.0
2010;05;02;6;127.0
2010;05;03;0;100.0
2010;05;04;1;62.0
2010;05;05;2;51.0
2010;05;06;3;66.0
2010;05;07;4;99.0
2010;05;08;5;131.0
2010;05;09;6;152.0
2010;05;10;0;163.0
2010;05;11;1;140.0
2010;05;12;2;122.0
2010;05;13;3;90.0
2010;05;14;4;83.0
2010;05;15;5;81.0
2010;05;16;6;126.0
2010;05;17;0;112.0
2010;05;18;1;128.0
2010;05;19;2;138.0
2010;05;20;3;142.0
2010;05;21;4;177.0
2010;05;22;5;187.0
2010;05;23;6;203.0
2010;05;24;0;222.0
2010;05;25;1;223.0
2010;05;26;2;176.0
2010;05;27;3;155.0
2010;05;28;4;138.0
2010;05;29;5;136.0
2010;05;30;6;166.0
2010;05;31;0;171.0
2010;06;01;1;154.0
2010;06;02;2;174.0
2010;06;03;3;177.0
2010;06;04;4;199.0
2010;06;05;5;220.0
2010;06;06;6;173.0
2010;06;07;0;171.0
2010;06;08;1;160.0
2010;06;09;2;174.0
2010;06;10;3;206.0
2010;06;11;4;186.0
2010;06;12;5;175.0
2010;06;13;6;178.0
2010;06;14;0;152.0
2010;06;15;1;146.0
2010;06;16;2;165.0
2010;06;17;3;167.0
2010;06;18;4;172.0
2010;06;19;5;162.0
2010;06;20;6;114.0
2010;06;21;0;135.0
2010;06;22;1;146.0
2010;06;23;2;168.0
2010;06;24;3;195.0
2010;06;25;4;216.0
2010;06;26;5;227.0
2010;06;27;6;226.0
2010;06;28;0;234.0
2010;06;29;1;223.0
2010;06;30;2;230.0
2010;07;01;3;246.0
2010;07;02;4;262.0
2010;07;03;5;218.0
2010;07;04;6;233.0
2010;07;05;0;208.0
2010;07;06;1;204.0
2010;07;07;2;204.0
2010;07;08;3;242.0
2010;07;09;4;250.0
2010;07;10;5;240.0
2010;07;11;6;246.0
2010;07;12;0;244.0
2010;07;13;1;222.0
2010;07;14;2;237.0
2010;07;15;3;198.0
2010;07;16;4;210.0
2010;07;17;5;194.0
2010;07;18;6;188.0
2010;07;19;0;218.0
2010;07;20;1;221.0
2010;07;21;2;184.0
2010;07;22;3;180.0
2010;07;23;4;186.0
2010;07;24;5;178.0
2010;07;25;6;197.0
2010;07;26;0;206.0
2010;07;27;1;217.0
2010;07;28;2;224.0
2010;07;29;3;214.0
2010;07;30;4;195.0
2010;07;31;5;220.0
2010;08;01;6;199.0
2010;08;02;0;196.0
2010;08;03;1;194.0
2010;08;04;2;165.0
2010;08;05;3;185.0
2010;08;06;4;168.0
2010;08;07;5;198.0
2010;08;08;6;206.0
2010;08;09;0;197.0
2010;08;10;1;194.0
2010;08;11;2;185.0
2010;08;12;3;192.0
2010;08;13;4;178.0
2010;08;14;5;172.0
2010;08;15;6;158.0
2010;08;16;0;168.0
2010;08;17;1;183.0
2010;08;18;2;172.0
2010;08;19;3;216.0
2010;08;20;4;252.0
2010;08;21;5;264.0
2010;08;22;6;278.0
2010;08;23;0;241.0
2010;08;24;1;210.0
2010;08;25;2;206.0
2010;08;26;3;292.0
2010;08;27;4;254.0
2010;08;28;5;204.0
2010;08;29;6;156.0
2010;08;30;0;148.0
2010;08;31;1;172.0
2010;09;01;2;202.0
2010;09;02;3;225.0
2010;09;03;4;206.0
2010;09;04;5;192.0
2010;09;05;6;219.0
2010;09;06;0;212.0
2010;09;07;1;170.0
2010;09;08;2;171.0
2010;09;09;3;179.0
2010;09;10;4;161.0
2010;09;11;5;182.0
2010;09;12;6;193.0
2010;09;13;0;157.0
2010;09;14;1;162.0
2010;09;15;2;179.0
2010;09;16;3;141.0
2010;09;17;4;142.0
2010;09;18;5;142.0
2010;09;19;6;116.0
2010;09;20;0;148.0
2010;09;21;1;200.0
2010;09;22;2;204.0
2010;09;23;3;188.0
2010;09;24;4;160.0
2010;09;25;5;140.0
2010;09;26;6;87.0
2010;09;27;0;88.0
2010;09;28;1;98.0
2010;09;29;2;126.0
2010;09;30;3;133.0
2010;10;01;4;140.0
2010;10;02;5;182.0
2010;10;03;6;216.0
2010;10;04;0;150.0
2010;10;05;1;149.0
2010;10;06;2;185.0
2010;10;07;3;192.0
2010;10;08;4;192.0
2010;10;09;5;201.0
2010;10;10;6;165.0
2010;10;11;0;159.0
2010;10;12;1;172.0
2010;10;13;2;142.0
2010;10;14;3;105.0
2010;10;15;4;86.0
2010;10;16;5;56.0
2010;10;17;6;65.0
2010;10;18;0;46.0
2010;10;19;1;52.0
2010;10;20;2;115.0
2010;10;21;3;56.0
2010;10;22;4;104.0
2010;10;23;5;130.0
2010;10;24;6;88.0
2010;10;25;0;66.0
2010;10;26;1;68.0
2010;10;27;2;76.0
2010;10;28;3;102.0
2010;10;29;4;128.0
2010;10;30;5;116.0
2010;10;31;6;141.0
2010;11;01;0;122.0
2010;11;02;1;109.0
2010;11;03;2;138.0
2010;11;04;3;138.0
2010;11;05;4;138.0
2010;11;06;5;124.0
2010;11;07;6;86.0
2010;11;08;0;55.0
2010;11;09;1;80.0
2010;11;10;2;78.0
2010;11;11;3;66.0
2010;11;12;4;120.0
2010;11;13;5;143.0
2010;11;14;6;130.0
2010;11;15;0;94.0
2010;11;16;1;50.0
2010;11;17;2;22.0
2010;11;18;3;84.0
2010;11;19;4;84.0
2010;11;20;5;94.0
2010;11;21;6;76.0
2010;11;22;0;58.0
2010;11;23;1;38.0
2010;11;24;2;21.0
2010;11;25;3;25.0
2010;11;26;4;7.0
2010;11;27;5;8.0
2010;11;28;6;22.0
2010;11;29;0;28.0
2010;11;30;1;31.0
