2006;12;01;4;92.0
2006;12;02;5;92.0
2006;12;03;6;124.0
2006;12;04;0;132.0
2006;12;05;1;152.0
2006;12;06;2;86.0
2006;12;07;3;74.0
2006;12;08;4;105.0
2006;12;09;5;48.0
2006;12;10;6;46.0
2006;12;11;0;41.0
2006;12;12;1;58.0
2006;12;13;2;56.0
2006;12;14;3;-3.0
2006;12;15;4;8.0
2006;12;16;5;68.0
2006;12;17;6;56.0
2006;12;18;0;36.0
2006;12;19;1;26.0
2006;12;20;2;0.0
2006;12;21;3;-20.0
2006;12;22;4;-30.0
2006;12;23;5;-18.0
2006;12;24;6;-28.0
2006;12;25;0;-22.0
2006;12;26;1;-5.0
2006;12;27;2;-8.0
2006;12;28;3;-16.0
2006;12;29;4;23.0
2006;12;30;5;92.0
2006;12;31;6;116.0
2007;01;01;0;98.0
2007;01;02;1;55.0
2007;01;03;2;62.0
2007;01;04;3;52.0
2007;01;05;4;62.0
2007;01;06;5;89.0
2007;01;07;6;94.0
2007;01;08;0;95.0
2007;01;09;1;129.0
2007;01;10;2;118.0
2007;01;11;3;114.0
2007;01;12;4;106.0
2007;01;13;5;78.0
2007;01;14;6;78.0
2007;01;15;0;84.0
2007;01;16;1;93.0
2007;01;17;2;120.0
2007;01;18;3;124.0
2007;01;19;4;132.0
2007;01;20;5;102.0
2007;01;21;6;92.0
2007;01;22;0;44.0
2007;01;23;1;18.0
2007;01;24;2;-26.0
2007;01;25;3;-48.0
2007;01;26;4;-58.0
2007;01;27;5;-36.0
2007;01;28;6;4.0
2007;01;29;0;19.0
2007;01;30;1;26.0
2007;01;31;2;18.0
2007;02;01;3;32.0
2007;02;02;4;50.0
2007;02;03;5;60.0
2007;02;04;6;28.0
2007;02;05;0;66.0
2007;02;06;1;53.0
2007;02;07;2;60.0
2007;02;08;3;76.0
2007;02;09;4;54.0
2007;02;10;5;66.0
2007;02;11;6;94.0
2007;02;12;0;95.0
2007;02;13;1;91.0
2007;02;14;2;82.0
2007;02;15;3;81.0
2007;02;16;4;86.0
2007;02;17;5;102.0
2007;02;18;6;100.0
2007;02;19;0;90.0
2007;02;20;1;88.0
2007;02;21;2;98.0
2007;02;22;3;94.0
2007;02;23;4;117.0
2007;02;24;5;118.0
2007;02;25;6;105.0
2007;02;26;0;84.0
2007;02;27;1;83.0
2007;02;28;2;123.0
2007;03;01;3;122.0
2007;03;02;4;108.0
2007;03;03;5;140.0
2007;03;04;6;125.0
2007;03;05;0;114.0
2007;03;06;1;94.0
2007;03;07;2;112.0
2007;03;08;3;100.0
2007;03;09;4;74.0
2007;03;10;5;70.0
2007;03;11;6;74.0
2007;03;12;0;92.0
2007;03;13;1;102.0
2007;03;14;2;105.0
2007;03;15;3;108.0
2007;03;16;4;108.0
2007;03;17;5;87.0
2007;03;18;6;114.0
2007;03;19;0;40.0
2007;03;20;1;20.0
2007;03;21;2;42.0
2007;03;22;3;28.0
2007;03;23;4;46.0
2007;03;24;5;32.0
2007;03;25;6;41.0
2007;03;26;0;87.0
2007;03;27;1;110.0
2007;03;28;2;103.0
2007;03;29;3;113.0
2007;03;30;4;70.0
2007;03;31;5;40.0
2007;04;01;6;78.0
2007;04;02;0;116.0
2007;04;03;1;135.0
2007;04;04;2;82.0
2007;04;05;3;86.0
2007;04;06;4;112.0
2007;04;07;5;130.0
2007;04;08;6;134.0
2007;04;09;0;150.0
2007;04;10;1;150.0
2007;04;11;2;156.0
2007;04;12;3;162.0
2007;04;13;4;174.0
2007;04;14;5;180.0
2007;04;15;6;184.0
2007;04;16;0;191.0
2007;04;17;1;186.0
2007;04;18;2;157.0
2007;04;19;3;136.0
2007;04;20;4;156.0
2007;04;21;5;168.0
2007;04;22;6;178.0
2007;04;23;0;196.0
2007;04;24;1;202.0
2007;04;25;2;208.0
2007;04;26;3;214.0
2007;04;27;4;176.0
2007;04;28;5;181.0
2007;04;29;6;182.0
2007;04;30;0;183.0
2007;05;01;1;178.0
2007;05;02;2;132.0
2007;05;03;3;125.0
2007;05;04;4;132.0
2007;05;05;5;126.0
2007;05;06;6;158.0
2007;05;07;0;139.0
2007;05;08;1;168.0
2007;05;09;2;180.0
2007;05;10;3;192.0
2007;05;11;4;200.0
2007;05;12;5;202.0
2007;05;13;6;204.0
2007;05;14;0;122.0
2007;05;15;1;121.0
2007;05;16;2;113.0
2007;05;17;3;128.0
2007;05;18;4;175.0
2007;05;19;5;176.0
2007;05;20;6;218.0
2007;05;21;0;214.0
2007;05;22;1;214.0
2007;05;23;2;220.0
2007;05;24;3;224.0
2007;05;25;4;242.0
2007;05;26;5;197.0
2007;05;27;6;151.0
2007;05;28;0;118.0
2007;05;29;1;118.0
2007;05;30;2;134.0
2007;05;31;3;152.0
2007;06;01;4;138.0
2007;06;02;5;156.0
2007;06;03;6;178.0
2007;06;04;0;198.0
2007;06;05;1;200.0
2007;06;06;2;206.0
2007;06;07;3;212.0
2007;06;08;4;221.0
2007;06;09;5;232.0
2007;06;10;6;246.0
2007;06;11;0;193.0
2007;06;12;1;216.0
2007;06;13;2;222.0
2007;06;14;3;228.0
2007;06;15;4;193.0
2007;06;16;5;188.0
2007;06;17;6;205.0
2007;06;18;0;234.0
2007;06;19;1;244.0
2007;06;20;2;229.0
2007;06;21;3;196.0
2007;06;22;4;190.0
2007;06;23;5;182.0
2007;06;24;6;209.0
2007;06;25;0;181.0
2007;06;26;1;162.0
2007;06;27;2;154.0
2007;06;28;3;153.0
2007;06;29;4;174.0
2007;06;30;5;190.0
2007;07;01;6;230.0
2007;07;02;0;195.0
2007;07;03;1;176.0
2007;07;04;2;168.0
2007;07;05;3;158.0
2007;07;06;4;200.0
2007;07;07;5;217.0
2007;07;08;6;194.0
2007;07;09;0;177.0
2007;07;10;1;125.0
2007;07;11;2;166.0
2007;07;12;3;185.0
2007;07;13;4;212.0
2007;07;14;5;252.0
2007;07;15;6;252.0
2007;07;16;0;268.0
2007;07;17;1;230.0
2007;07;18;2;238.0
2007;07;19;3;245.0
2007;07;20;4;210.0
2007;07;21;5;204.0
2007;07;22;6;203.0
2007;07;23;0;220.0
2007;07;24;1;202.0
2007;07;25;2;194.0
2007;07;26;3;224.0
2007;07;27;4;226.0
2007;07;28;5;224.0
2007;07;29;6;227.0
2007;07;30;0;190.0
2007;07;31;1;170.0
2007;08;01;2;212.0
2007;08;02;3;220.0
2007;08;03;4;194.0
2007;08;04;5;205.0
2007;08;05;6;245.0
2007;08;06;0;245.0
2007;08;07;1;178.0
2007;08;08;2;176.0
2007;08;09;3;145.0
2007;08;10;4;140.0
2007;08;11;5;186.0
2007;08;12;6;218.0
2007;08;13;0;219.0
2007;08;14;1;226.0
2007;08;15;2;262.0
2007;08;16;3;184.0
2007;08;17;4;179.0
2007;08;18;5;171.0
2007;08;19;6;194.0
2007;08;20;0;166.0
2007;08;21;1;148.0
2007;08;22;2;178.0
2007;08;23;3;194.0
2007;08;24;4;218.0
2007;08;25;5;214.0
2007;08;26;6;226.0
2007;08;27;0;237.0
2007;08;28;1;210.0
2007;08;29;2;187.0
2007;08;30;3;164.0
2007;08;31;4;163.0
2007;09;01;5;167.0
2007;09;02;6;174.0
2007;09;03;0;164.0
2007;09;04;1;146.0
2007;09;05;2;126.0
2007;09;06;3;132.0
2007;09;07;4;166.0
2007;09;08;5;166.0
2007;09;09;6;170.0
2007;09;10;0;160.0
2007;09;11;1;162.0
2007;09;12;2;148.0
2007;09;13;3;186.0
2007;09;14;4;216.0
2007;09;15;5;184.0
2007;09;16;6;206.0
2007;09;17;0;227.0
2007;09;18;1;144.0
2007;09;19;2;121.0
2007;09;20;3;130.0
2007;09;21;4;168.0
2007;09;22;5;194.0
2007;09;23;6;197.0
2007;09;24;0;207.0
2007;09;25;1;152.0
2007;09;26;2;118.0
2007;09;27;3;93.0
2007;09;28;4;109.0
2007;09;29;5;136.0
2007;09;30;6;180.0
2007;10;01;0;194.0
2007;10;02;1;208.0
2007;10;03;2;186.0
2007;10;04;3;194.0
2007;10;05;4;166.0
2007;10;06;5;187.0
2007;10;07;6;162.0
2007;10;08;0;137.0
2007;10;09;1;132.0
2007;10;10;2;140.0
2007;10;11;3;122.0
2007;10;12;4;92.0
2007;10;13;5;118.0
2007;10;14;6;129.0
2007;10;15;0;154.0
2007;10;16;1;156.0
2007;10;17;2;175.0
2007;10;18;3;122.0
2007;10;19;4;82.0
2007;10;20;5;70.0
2007;10;21;6;54.0
2007;10;22;0;66.0
2007;10;23;1;46.0
2007;10;24;2;61.0
2007;10;25;3;66.0
2007;10;26;4;60.0
2007;10;27;5;90.0
2007;10;28;6;78.0
2007;10;29;0;109.0
2007;10;30;1;98.0
2007;10;31;2;80.0
2007;11;01;3;64.0
2007;11;02;4;30.0
2007;11;03;5;53.0
2007;11;04;6;104.0
2007;11;05;0;82.0
2007;11;06;1;53.0
2007;11;07;2;56.0
2007;11;08;3;80.0
2007;11;09;4;60.0
2007;11;10;5;16.0
2007;11;11;6;79.0
2007;11;12;0;66.0
2007;11;13;1;27.0
2007;11;14;2;50.0
2007;11;15;3;11.0
2007;11;16;4;1.0
2007;11;17;5;-18.0
2007;11;18;6;-3.0
2007;11;19;0;71.0
2007;11;20;1;120.0
2007;11;21;2;131.0
2007;11;22;3;125.0
2007;11;23;4;87.0
2007;11;24;5;60.0
2007;11;25;6;44.0
2007;11;26;0;57.0
2007;11;27;1;43.0
2007;11;28;2;9.0
2007;11;29;3;12.0
2007;11;30;4;48.0
2007;12;01;5;43.0
2007;12;02;6;77.0
2007;12;03;0;80.0
2007;12;04;1;80.0
2007;12;05;2;74.0
2007;12;06;3;98.0
2007;12;07;4;113.0
2007;12;08;5;72.0
2007;12;09;6;90.0
2007;12;10;0;72.0
2007;12;11;1;53.0
2007;12;12;2;31.0
2007;12;13;3;36.0
2007;12;14;4;3.0
2007;12;15;5;-5.0
2007;12;16;6;-33.0
2007;12;17;0;-58.0
2007;12;18;1;-50.0
2007;12;19;2;-38.0
2007;12;20;3;-39.0
2007;12;21;4;-32.0
2007;12;22;5;-16.0
2007;12;23;6;-13.0
2007;12;24;0;-34.0
2007;12;25;1;-30.0
2007;12;26;2;-6.0
2007;12;27;3;11.0
2007;12;28;4;19.0
2007;12;29;5;33.0
2007;12;30;6;39.0
2007;12;31;0;35.0
2008;01;01;1;-1.0
2008;01;02;2;22.0
2008;01;03;3;53.0
2008;01;04;4;62.0
2008;01;05;5;80.0
2008;01;06;6;100.0
2008;01;07;0;100.0
2008;01;08;1;45.0
2008;01;09;2;66.0
2008;01;10;3;83.0
2008;01;11;4;118.0
2008;01;12;5;44.0
2008;01;13;6;38.0
2008;01;14;0;68.0
2008;01;15;1;64.0
2008;01;16;2;81.0
2008;01;17;3;80.0
2008;01;18;4;110.0
2008;01;19;5;109.0
2008;01;20;6;84.0
2008;01;21;0;52.0
2008;01;22;1;80.0
2008;01;23;2;16.0
2008;01;24;3;42.0
2008;01;25;4;62.0
2008;01;26;5;34.0
2008;01;27;6;-22.0
2008;01;28;0;12.0
2008;01;29;1;24.0
2008;01;30;2;38.0
2008;01;31;3;28.0
2008;02;01;4;43.0
2008;02;02;5;43.0
2008;02;03;6;44.0
2008;02;04;0;66.0
2008;02;05;1;62.0
2008;02;06;2;98.0
2008;02;07;3;63.0
2008;02;08;4;49.0
2008;02;09;5;63.0
2008;02;10;6;49.0
2008;02;11;0;55.0
2008;02;12;1;42.0
2008;02;13;2;45.0
2008;02;14;3;44.0
2008;02;15;4;-2.0
2008;02;16;5;24.0
2008;02;17;6;38.0
2008;02;18;0;60.0
2008;02;19;1;70.0
2008;02;20;2;88.0
2008;02;21;3;96.0
2008;02;22;4;87.0
2008;02;23;5;97.0
2008;02;24;6;115.0
2008;02;25;0;114.0
2008;02;26;1;118.0
2008;02;27;2;109.0
2008;02;28;3;90.0
2008;02;29;4;122.0
2008;03;01;5;139.0
2008;03;02;6;122.0
2008;03;03;0;108.0
2008;03;04;1;43.0
2008;03;05;2;32.0
2008;03;06;3;24.0
2008;03;07;4;38.0
2008;03;08;5;71.0
2008;03;09;6;66.0
2008;03;10;0;73.0
2008;03;11;1;83.0
2008;03;12;2;123.0
2008;03;13;3;93.0
2008;03;14;4;116.0
2008;03;15;5;125.0
2008;03;16;6;110.0
2008;03;17;0;81.0
2008;03;18;1;62.0
2008;03;19;2;34.0
2008;03;20;3;40.0
2008;03;21;4;46.0
2008;03;22;5;48.0
2008;03;23;6;16.0
2008;03;24;0;13.0
2008;03;25;1;33.0
2008;03;26;2;76.0
2008;03;27;3;86.0
2008;03;28;4;75.0
2008;03;29;5;102.0
2008;03;30;6;123.0
2008;03;31;0;92.0
2008;04;01;1;92.0
2008;04;02;2;103.0
2008;04;03;3;103.0
2008;04;04;4;89.0
2008;04;05;5;94.0
2008;04;06;6;100.0
2008;04;07;0;46.0
2008;04;08;1;68.0
2008;04;09;2;120.0
2008;04;10;3;160.0
2008;04;11;4;83.0
2008;04;12;5;82.0
2008;04;13;6;127.0
2008;04;14;0;102.0
2008;04;15;1;80.0
2008;04;16;2;74.0
2008;04;17;3;89.0
2008;04;18;4;108.0
2008;04;19;5;134.0
2008;04;20;6;138.0
2008;04;21;0;125.0
2008;04;22;1;124.0
2008;04;23;2;146.0
2008;04;24;3;156.0
2008;04;25;4;140.0
2008;04;26;5;148.0
2008;04;27;6;176.0
2008;04;28;0;124.0
2008;04;29;1;120.0
2008;04;30;2;112.0
2008;05;01;3;132.0
2008;05;02;4;161.0
2008;05;03;5;176.0
2008;05;04;6;186.0
2008;05;05;0;180.0
2008;05;06;1;188.0
2008;05;07;2;184.0
2008;05;08;3;196.0
2008;05;09;4;185.0
2008;05;10;5;202.0
2008;05;11;6;200.0
2008;05;12;0;187.0
2008;05;13;1;178.0
2008;05;14;2;201.0
2008;05;15;3;160.0
2008;05;16;4;178.0
2008;05;17;5;154.0
2008;05;18;6;158.0
2008;05;19;0;144.0
2008;05;20;1;145.0
2008;05;21;2;142.0
2008;05;22;3;146.0
2008;05;23;4;166.0
2008;05;24;5;204.0
2008;05;25;6;164.0
2008;05;26;0;184.0
2008;05;27;1;208.0
2008;05;28;2;196.0
2008;05;29;3;164.0
2008;05;30;4;180.0
2008;05;31;5;201.0
2008;06;01;6;187.0
2008;06;02;0;190.0
2008;06;03;1;180.0
2008;06;04;2;162.0
2008;06;05;3;146.0
2008;06;06;4;123.0
2008;06;07;5;122.0
2008;06;08;6;144.0
2008;06;09;0;188.0
2008;06;10;1;206.0
2008;06;11;2;191.0
2008;06;12;3;176.0
2008;06;13;4;146.0
2008;06;14;5;134.0
2008;06;15;6;144.0
2008;06;16;0;140.0
2008;06;17;1;183.0
2008;06;18;2;192.0
2008;06;19;3;214.0
2008;06;20;4;214.0
2008;06;21;5;240.0
2008;06;22;6;276.0
2008;06;23;0;257.0
2008;06;24;1;256.0
2008;06;25;2;243.0
2008;06;26;3;228.0
2008;06;27;4;222.0
2008;06;28;5;217.0
2008;06;29;6;237.0
2008;06;30;0;251.0
2008;07;01;1;254.0
2008;07;02;2;272.0
2008;07;03;3;168.0
2008;07;04;4;180.0
2008;07;05;5;214.0
2008;07;06;6;183.0
2008;07;07;0;188.0
2008;07;08;1;182.0
2008;07;09;2;193.0
2008;07;10;3;228.0
2008;07;11;4;240.0
2008;07;12;5;195.0
2008;07;13;6;178.0
2008;07;14;0;169.0
2008;07;15;1;186.0
2008;07;16;2;210.0
2008;07;17;3;206.0
2008;07;18;4;201.0
2008;07;19;5;224.0
2008;07;20;6;235.0
2008;07;21;0;162.0
2008;07;22;1;166.0
2008;07;23;2;186.0
2008;07;24;3;203.0
2008;07;25;4;220.0
2008;07;26;5;220.0
2008;07;27;6;221.0
2008;07;28;0;250.0
2008;07;29;1;233.0
2008;07;30;2;258.0
2008;07;31;3;264.0
2008;08;01;4;196.0
2008;08;02;5;206.0
2008;08;03;6;222.0
2008;08;04;0;231.0
2008;08;05;1;235.0
2008;08;06;2;236.0
2008;08;07;3;243.0
2008;08;08;4;201.0
2008;08;09;5;190.0
2008;08;10;6;204.0
2008;08;11;0;204.0
2008;08;12;1;201.0
2008;08;13;2;187.0
2008;08;14;3;169.0
2008;08;15;4;162.0
2008;08;16;5;158.0
2008;08;17;6;205.0
2008;08;18;0;216.0
2008;08;19;1;210.0
2008;08;20;2;188.0
2008;08;21;3;180.0
2008;08;22;4;191.0
2008;08;23;5;173.0
2008;08;24;6;162.0
2008;08;25;0;186.0
2008;08;26;1;196.0
2008;08;27;2;206.0
2008;08;28;3;206.0
2008;08;29;4;197.0
2008;08;30;5;228.0
2008;08;31;6;248.0
2008;09;01;0;202.0
2008;09;02;1;200.0
2008;09;03;2;213.0
2008;09;04;3;180.0
2008;09;05;4;210.0
2008;09;06;5;162.0
2008;09;07;6;173.0
2008;09;08;0;179.0
2008;09;09;1;194.0
2008;09;10;2;212.0
2008;09;11;3;226.0
2008;09;12;4;141.0
2008;09;13;5;126.0
2008;09;14;6;135.0
2008;09;15;0;116.0
2008;09;16;1;116.0
2008;09;17;2;131.0
2008;09;18;3;172.0
2008;09;19;4;174.0
2008;09;20;5;144.0
2008;09;21;6;112.0
2008;09;22;0;118.0
2008;09;23;1;116.0
2008;09;24;2;115.0
2008;09;25;3;118.0
2008;09;26;4;126.0
2008;09;27;5;122.0
2008;09;28;6;134.0
2008;09;29;0;151.0
2008;09;30;1;140.0
2008;10;01;2;159.0
2008;10;02;3;150.0
2008;10;03;4;106.0
2008;10;04;5;96.0
2008;10;05;6;100.0
2008;10;06;0;165.0
2008;10;07;1;168.0
2008;10;08;2;144.0
2008;10;09;3;128.0
2008;10;10;4;153.0
2008;10;11;5;158.0
2008;10;12;6;185.0
2008;10;13;0;196.0
2008;10;14;1;176.0
2008;10;15;2;180.0
2008;10;16;3;158.0
2008;10;17;4;116.0
2008;10;18;5;98.0
2008;10;19;6;108.0
2008;10;20;0;170.0
2008;10;21;1;186.0
2008;10;22;2;82.0
2008;10;23;3;76.0
2008;10;24;4;104.0
2008;10;25;5;98.0
2008;10;26;6;88.0
2008;10;27;0;114.0
2008;10;28;1;83.0
2008;10;29;2;57.0
2008;10;30;3;59.0
2008;10;31;4;75.0
2008;11;01;5;140.0
2008;11;02;6;106.0
2008;11;03;0;136.0
2008;11;04;1;86.0
2008;11;05;2;107.0
2008;11;06;3;104.0
2008;11;07;4;126.0
2008;11;08;5;122.0
2008;11;09;6;130.0
2008;11;10;0;138.0
2008;11;11;1;120.0
2008;11;12;2;88.0
2008;11;13;3;72.0
2008;11;14;4;61.0
2008;11;15;5;28.0
2008;11;16;6;66.0
2008;11;17;0;94.0
2008;11;18;1;72.0
2008;11;19;2;80.0
2008;11;20;3;74.0
2008;11;21;4;89.0
2008;11;22;5;32.0
2008;11;23;6;18.0
2008;11;24;0;38.0
2008;11;25;1;24.0
2008;11;26;2;23.0
2008;11;27;3;20.0
2008;11;28;4;-23.0
2008;11;29;5;22.0
2008;11;30;6;74.0
2008;12;01;0;52.0
2008;12;02;1;46.0
2008;12;03;2;24.0
2008;12;04;3;52.0
2008;12;05;4;86.0
2008;12;06;5;74.0
2008;12;07;6;32.0
2008;12;08;0;32.0
2008;12;09;1;34.0
2008;12;10;2;5.0
2008;12;11;3;9.0
2008;12;12;4;-2.0
2008;12;13;5;17.0
2008;12;14;6;30.0
2008;12;15;0;24.0
2008;12;16;1;8.0
2008;12;17;2;10.0
2008;12;18;3;16.0
2008;12;19;4;44.0
2008;12;20;5;34.0
2008;12;21;6;70.0
2008;12;22;0;70.0
2008;12;23;1;50.0
2008;12;24;2;44.0
2008;12;25;3;32.0
2008;12;26;4;29.0
2008;12;27;5;-18.0
2008;12;28;6;-24.0
2008;12;29;0;1.0
2008;12;30;1;40.0
2008;12;31;2;70.0
2009;01;01;3;-8.0
2009;01;02;4;-4.0
2009;01;03;5;-4.0
2009;01;04;6;-20.0
2009;01;05;0;-44.0
2009;01;06;1;-34.0
2009;01;07;2;-32.0
2009;01;08;3;-36.0
2009;01;09;4;-24.0
2009;01;10;5;-28.0
2009;01;11;6;-50.0
2009;01;12;0;-36.0
2009;01;13;1;13.0
2009;01;14;2;-4.0
2009;01;15;3;6.0
2009;01;16;4;16.0
2009;01;17;5;44.0
2009;01;18;6;54.0
2009;01;19;0;93.0
2009;01;20;1;58.0
2009;01;21;2;44.0
2009;01;22;3;17.0
2009;01;23;4;74.0
2009;01;24;5;54.0
2009;01;25;6;35.0
2009;01;26;0;32.0
2009;01;27;1;42.0
2009;01;28;2;30.0
2009;01;29;3;14.0
2009;01;30;4;16.0
2009;01;31;5;38.0
2009;02;01;6;44.0
2009;02;02;0;40.0
2009;02;03;1;40.0
2009;02;04;2;63.0
2009;02;05;3;82.0
2009;02;06;4;45.0
2009;02;07;5;21.0
2009;02;08;6;13.0
2009;02;09;0;45.0
2009;02;10;1;84.0
2009;02;11;2;37.0
2009;02;12;3;17.0
2009;02;13;4;5.0
2009;02;14;5;4.0
2009;02;15;6;-7.0
2009;02;16;0;-2.0
2009;02;17;1;16.0
2009;02;18;2;38.0
2009;02;19;3;2.0
2009;02;20;4;12.0
2009;02;21;5;48.0
2009;02;22;6;29.0
2009;02;23;0;54.0
2009;02;24;1;58.0
2009;02;25;2;42.0
2009;02;26;3;51.0
2009;02;27;4;75.0
2009;02;28;5;90.0
2009;03;01;6;114.0
2009;03;02;0;81.0
2009;03;03;1;88.0
2009;03;04;2;64.0
2009;03;05;3;34.0
2009;03;06;4;22.0
2009;03;07;5;39.0
2009;03;08;6;73.0
2009;03;09;0;62.0
2009;03;10;1;60.0
2009;03;11;2;81.0
2009;03;12;3;56.0
2009;03;13;4;86.0
2009;03;14;5;114.0
2009;03;15;6;109.0
2009;03;16;0;95.0
2009;03;17;1;96.0
2009;03;18;2;100.0
2009;03;19;3;95.0
2009;03;20;4;61.0
2009;03;21;5;41.0
2009;03;22;6;62.0
2009;03;23;0;80.0
2009;03;24;1;53.0
2009;03;25;2;52.0
2009;03;26;3;95.0
2009;03;27;4;127.0
2009;03;28;5;96.0
2009;03;29;6;78.0
2009;03;30;0;72.0
2009;03;31;1;80.0
2009;04;01;2;107.0
2009;04;02;3;112.0
2009;04;03;4;143.0
2009;04;04;5;122.0
2009;04;05;6;134.0
2009;04;06;0;151.0
2009;04;07;1;135.0
2009;04;08;2;128.0
2009;04;09;3;143.0
2009;04;10;4;159.0
2009;04;11;5;150.0
2009;04;12;6;146.0
2009;04;13;0;154.0
2009;04;14;1;162.0
2009;04;15;2;154.0
2009;04;16;3;118.0
2009;04;17;4;118.0
2009;04;18;5;127.0
2009;04;19;6;116.0
2009;04;20;0;148.0
2009;04;21;1;149.0
2009;04;22;2;166.0
2009;04;23;3;135.0
2009;04;24;4;122.0
2009;04;25;5;157.0
2009;04;26;6;122.0
2009;04;27;0;116.0
2009;04;28;1;127.0
2009;04;29;2;108.0
2009;04;30;3;107.0
2009;05;01;4;132.0
2009;05;02;5;160.0
2009;05;03;6;154.0
2009;05;04;0;138.0
2009;05;05;1;108.0
2009;05;06;2;151.0
2009;05;07;3;182.0
2009;05;08;4;194.0
2009;05;09;5;172.0
2009;05;10;6;171.0
2009;05;11;0;209.0
2009;05;12;1;208.0
2009;05;13;2;187.0
2009;05;14;3;187.0
2009;05;15;4;134.0
2009;05;16;5;162.0
2009;05;17;6;188.0
2009;05;18;0;169.0
2009;05;19;1;190.0
2009;05;20;2;214.0
2009;05;21;3;238.0
2009;05;22;4;218.0
2009;05;23;5;230.0
2009;05;24;6;270.0
2009;05;25;0;260.0
2009;05;26;1;188.0
2009;05;27;2;146.0
2009;05;28;3;164.0
2009;05;29;4;184.0
2009;05;30;5;172.0
2009;05;31;6;202.0
2009;06;01;0;174.0
2009;06;02;1;196.0
2009;06;03;2;196.0
2009;06;04;3;178.0
2009;06;05;4;160.0
2009;06;06;5;170.0
2009;06;07;6;180.0
2009;06;08;0;174.0
2009;06;09;1;180.0
2009;06;10;2;187.0
2009;06;11;3;198.0
2009;06;12;4;182.0
2009;06;13;5;211.0
2009;06;14;6;245.0
2009;06;15;0;244.0
2009;06;16;1;200.0
2009;06;17;2;220.0
2009;06;18;3;258.0
2009;06;19;4;200.0
2009;06;20;5;160.0
2009;06;21;6;156.0
2009;06;22;0;162.0
2009;06;23;1;164.0
2009;06;24;2;180.0
2009;06;25;3;222.0
2009;06;26;4;216.0
2009;06;27;5;195.0
2009;06;28;6;216.0
2009;06;29;0;236.0
2009;06;30;1;250.0
2009;07;01;2;254.0
2009;07;02;3;262.0
2009;07;03;4;239.0
2009;07;04;5;238.0
2009;07;05;6;226.0
2009;07;06;0;227.0
2009;07;07;1;186.0
2009;07;08;2;190.0
2009;07;09;3;194.0
2009;07;10;4;176.0
2009;07;11;5;182.0
2009;07;12;6;246.0
2009;07;13;0;258.0
2009;07;14;1;278.0
2009;07;15;2;232.0
2009;07;16;3;267.0
2009;07;17;4;168.0
2009;07;18;5;176.0
2009;07;19;6;198.0
2009;07;20;0;220.0
2009;07;21;1;260.0
2009;07;22;2;260.0
2009;07;23;3;272.0
2009;07;24;4;210.0
2009;07;25;5;196.0
2009;07;26;6;206.0
2009;07;27;0;246.0
2009;07;28;1;215.0
2009;07;29;2;254.0
2009;07;30;3;216.0
2009;07;31;4;205.0
2009;08;01;5;249.0
2009;08;02;6;212.0
2009;08;03;0;188.0
2009;08;04;1;196.0
2009;08;05;2;221.0
2009;08;06;3;257.0
2009;08;07;4;236.0
2009;08;08;5;238.0
2009;08;09;6;220.0
2009;08;10;0;214.0
2009;08;11;1;215.0
2009;08;12;2;225.0
2009;08;13;3;236.0
2009;08;14;4;241.0
2009;08;15;5;267.0
2009;08;16;6;287.0
2009;08;17;0;270.0
2009;08;18;1;272.0
2009;08;19;2;296.0
2009;08;20;3;294.0
2009;08;21;4;234.0
2009;08;22;5;220.0
2009;08;23;6;216.0
2009;08;24;0;264.0
2009;08;25;1;204.0
2009;08;26;2;225.0
2009;08;27;3;248.0
2009;08;28;4;222.0
2009;08;29;5;179.0
2009;08;30;6;178.0
2009;08;31;0;215.0
2009;09;01;1;250.0
2009;09;02;2;183.0
2009;09;03;3;216.0
2009;09;04;4;210.0
2009;09;05;5;142.0
2009;09;06;6;158.0
2009;09;07;0;202.0
2009;09;08;1;206.0
2009;09;09;2;206.0
2009;09;10;3;192.0
2009;09;11;4;188.0
2009;09;12;5;170.0
2009;09;13;6;172.0
2009;09;14;0;155.0
2009;09;15;1;112.0
2009;09;16;2;128.0
2009;09;17;3;184.0
2009;09;18;4;158.0
2009;09;19;5;184.0
2009;09;20;6;161.0
2009;09;21;0;188.0
2009;09;22;1;182.0
2009;09;23;2;191.0
2009;09;24;3;179.0
2009;09;25;4;162.0
2009;09;26;5;169.0
2009;09;27;6;186.0
2009;09;28;0;177.0
2009;09;29;1;169.0
2009;09;30;2;170.0
2009;10;01;3;166.0
2009;10;02;4;147.0
2009;10;03;5;142.0
2009;10;04;6;134.0
2009;10;05;0;171.0
2009;10;06;1;218.0
2009;10;07;2;221.0
2009;10;08;3;172.0
2009;10;09;4;164.0
2009;10;10;5;175.0
2009;10;11;6;151.0
2009;10;12;0;128.0
2009;10;13;1;102.0
2009;10;14;2;84.0
2009;10;15;3;43.0
2009;10;16;4;54.0
2009;10;17;5;82.0
2009;10;18;6;66.0
2009;10;19;0;56.0
2009;10;20;1;114.0
2009;10;21;2;147.0
2009;10;22;3;118.0
2009;10;23;4;132.0
2009;10;24;5;110.0
2009;10;25;6;142.0
2009;10;26;0;104.0
2009;10;27;1;102.0
2009;10;28;2;114.0
2009;10;29;3;110.0
2009;10;30;4;77.0
2009;10;31;5;102.0
2009;11;01;6;123.0
2009;11;02;0;98.0
2009;11;03;1;94.0
2009;11;04;2;119.0
2009;11;05;3;86.0
2009;11;06;4;84.0
2009;11;07;5;66.0
2009;11;08;6;48.0
2009;11;09;0;66.0
2009;11;10;1;61.0
2009;11;11;2;49.0
2009;11;12;3;55.0
2009;11;13;4;115.0
2009;11;14;5;153.0
2009;11;15;6;128.0
2009;11;16;0;172.0
2009;11;17;1;155.0
2009;11;18;2;123.0
2009;11;19;3;108.0
2009;11;20;4;154.0
2009;11;21;5;148.0
2009;11;22;6;136.0
2009;11;23;0;122.0
2009;11;24;1;137.0
2009;11;25;2;104.0
2009;11;26;3;118.0
2009;11;27;4;95.0
2009;11;28;5;98.0
2009;11;29;6;127.0
2009;11;30;0;54.0
2009;12;01;1;61.0
2009;12;02;2;58.0
2009;12;03;3;75.0
2009;12;04;4;32.0
2009;12;05;5;51.0
2009;12;06;6;92.0
2009;12;07;0;113.0
2009;12;08;1;84.0
2009;12;09;2;81.0
2009;12;10;3;81.0
2009;12;11;4;62.0
2009;12;12;5;31.0
2009;12;13;6;12.0
2009;12;14;0;4.0
2009;12;15;1;-18.0
2009;12;16;2;-16.0
2009;12;17;3;-12.0
2009;12;18;4;-12.0
2009;12;19;5;-60.0
2009;12;20;6;-44.0
2009;12;21;0;52.0
2009;12;22;1;100.0
2009;12;23;2;44.0
2009;12;24;3;106.0
2009;12;25;4;70.0
2009;12;26;5;-4.0
2009;12;27;6;27.0
2009;12;28;0;52.0
2009;12;29;1;98.0
2009;12;30;2;126.0
2009;12;31;3;110.0
2010;01;01;4;52.0
2010;01;02;5;6.0
2010;01;03;6;-22.0
2010;01;04;0;-24.0
2010;01;05;1;-28.0
2010;01;06;2;-9.0
2010;01;07;3;-30.0
2010;01;08;4;-14.0
2010;01;09;5;-44.0
2010;01;10;6;-30.0
2010;01;11;0;-56.0
2010;01;12;1;-18.0
2010;01;13;2;33.0
2010;01;14;3;14.0
2010;01;15;4;24.0
2010;01;16;5;52.0
2010;01;17;6;74.0
2010;01;18;0;48.0
2010;01;19;1;-10.0
2010;01;20;2;5.0
2010;01;21;3;40.0
2010;01;22;4;2.0
2010;01;23;5;16.0
2010;01;24;6;36.0
2010;01;25;0;35.0
2010;01;26;1;12.0
2010;01;27;2;-25.0
2010;01;28;3;-16.0
2010;01;29;4;21.0
2010;01;30;5;12.0
2010;01;31;6;-26.0
2010;02;01;0;-20.0
2010;02;02;1;10.0
2010;02;03;2;60.0
2010;02;04;3;60.0
2010;02;05;4;56.0
2010;02;06;5;54.0
2010;02;07;6;38.0
2010;02;08;0;32.0
2010;02;09;1;5.0
2010;02;10;2;-34.0
2010;02;11;3;-55.0
2010;02;12;4;-25.0
2010;02;13;5;-35.0
2010;02;14;6;-17.0
2010;02;15;0;-8.0
2010;02;16;1;-18.0
2010;02;17;2;51.0
2010;02;18;3;101.0
2010;02;19;4;57.0
2010;02;20;5;44.0
2010;02;21;6;61.0
2010;02;22;0;102.0
2010;02;23;1;108.0
2010;02;24;2;100.0
2010;02;25;3;103.0
2010;02;26;4;104.0
2010;02;27;5;80.0
2010;02;28;6;128.0
2010;03;01;0;70.0
2010;03;02;1;96.0
2010;03;03;2;44.0
2010;03;04;3;34.0
2010;03;05;4;21.0
2010;03;06;5;14.0
2010;03;07;6;-18.0
2010;03;08;0;2.0
2010;03;09;1;-12.0
2010;03;10;2;-16.0
2010;03;11;3;-7.0
2010;03;12;4;22.0
2010;03;13;5;25.0
2010;03;14;6;37.0
2010;03;15;0;60.0
2010;03;16;1;65.0
2010;03;17;2;90.0
2010;03;18;3;112.0
2010;03;19;4;145.0
2010;03;20;5;135.0
2010;03;21;6;156.0
2010;03;22;0;112.0
2010;03;23;1;114.0
2010;03;24;2;150.0
2010;03;25;3;159.0
2010;03;26;4;98.0
2010;03;27;5;88.0
2010;03;28;6;114.0
2010;03;29;0;134.0
2010;03;30;1;93.0
2010;03;31;2;101.0
2010;04;01;3;76.0
2010;04;02;4;92.0
2010;04;03;5;115.0
2010;04;04;6;103.0
2010;04;05;0;86.0
2010;04;06;1;116.0
2010;04;07;2;130.0
2010;04;08;3;94.0
2010;04;09;4;125.0
2010;04;10;5;120.0
2010;04;11;6;101.0
2010;04;12;0;69.0
2010;04;13;1;90.0
2010;04;14;2;92.0
2010;04;15;3;99.0
2010;04;16;4;115.0
2010;04;17;5;118.0
2010;04;18;6;151.0
2010;04;19;0;155.0
2010;04;20;1;148.0
2010;04;21;2;153.0
2010;04;22;3;150.0
2010;04;23;4;150.0
2010;04;24;5;165.0
2010;04;25;6;177.0
2010;04;26;0;170.0
2010;04;27;1;158.0
2010;04;28;2;181.0
2010;04;29;3;204.0
2010;04;30;4;182.0
2010;05;01;5;142.0
2010;05;02;6;126.0
2010;05;03;0;109.0
2010;05;04;1;90.0
2010;05;05;2;66.0
2010;05;06;3;70.0
2010;05;07;4;110.0
2010;05;08;5;145.0
2010;05;09;6;136.0
2010;05;10;0;160.0
2010;05;11;1;138.0
2010;05;12;2;124.0
2010;05;13;3;101.0
2010;05;14;4;102.0
2010;05;15;5;98.0
2010;05;16;6;116.0
2010;05;17;0;130.0
2010;05;18;1;130.0
2010;05;19;2;123.0
2010;05;20;3;134.0
2010;05;21;4;160.0
2010;05;22;5;164.0
2010;05;23;6;185.0
2010;05;24;0;214.0
2010;05;25;1;221.0
2010;05;26;2;209.0
2010;05;27;3;176.0
2010;05;28;4;178.0
2010;05;29;5;172.0
2010;05;30;6;182.0
2010;05;31;0;148.0
2010;06;01;1;142.0
2010;06;02;2;166.0
2010;06;03;3;170.0
2010;06;04;4;188.0
2010;06;05;5;230.0
2010;06;06;6;238.0
2010;06;07;0;192.0
2010;06;08;1;207.0
2010;06;09;2;208.0
2010;06;10;3;243.0
2010;06;11;4;204.0
2010;06;12;5;183.0
2010;06;13;6;191.0
2010;06;14;0;178.0
2010;06;15;1;156.0
2010;06;16;2;178.0
2010;06;17;3;172.0
2010;06;18;4;178.0
2010;06;19;5;136.0
2010;06;20;6;126.0
2010;06;21;0;140.0
2010;06;22;1;149.0
2010;06;23;2;170.0
2010;06;24;3;193.0
2010;06;25;4;212.0
2010;06;26;5;224.0
2010;06;27;6;240.0
2010;06;28;0;242.0
2010;06;29;1;244.0
2010;06;30;2;238.0
2010;07;01;3;254.0
2010;07;02;4;274.0
2010;07;03;5;266.0
2010;07;04;6;239.0
2010;07;05;0;236.0
2010;07;06;1;222.0
2010;07;07;2;218.0
2010;07;08;3;260.0
2010;07;09;4;274.0
2010;07;10;5;279.0
2010;07;11;6;274.0
2010;07;12;0;276.0
2010;07;13;1;248.0
2010;07;14;2;280.0
2010;07;15;3;238.0
2010;07;16;4;246.0
2010;07;17;5;210.0
2010;07;18;6;204.0
2010;07;19;0;220.0
2010;07;20;1;262.0
2010;07;21;2;268.0
2010;07;22;3;198.0
2010;07;23;4;194.0
2010;07;24;5;178.0
2010;07;25;6;180.0
2010;07;26;0;202.0
2010;07;27;1;202.0
2010;07;28;2;212.0
2010;07;29;3;202.0
2010;07;30;4;186.0
2010;07;31;5;209.0
2010;08;01;6;256.0
2010;08;02;0;197.0
2010;08;03;1;205.0
2010;08;04;2;198.0
2010;08;05;3;184.0
2010;08;06;4;170.0
2010;08;07;5;187.0
2010;08;08;6;216.0
2010;08;09;0;220.0
2010;08;10;1;236.0
2010;08;11;2;234.0
2010;08;12;3;211.0
2010;08;13;4;188.0
2010;08;14;5;188.0
2010;08;15;6;182.0
2010;08;16;0;159.0
2010;08;17;1;192.0
2010;08;18;2;198.0
2010;08;19;3;214.0
2010;08;20;4;246.0
2010;08;21;5;245.0
2010;08;22;6;255.0
2010;08;23;0;266.0
2010;08;24;1;234.0
2010;08;25;2;205.0
2010;08;26;3;272.0
2010;08;27;4;240.0
2010;08;28;5;186.0
2010;08;29;6;156.0
2010;08;30;0;164.0
2010;08;31;1;155.0
2010;09;01;2;164.0
2010;09;02;3;186.0
2010;09;03;4;193.0
2010;09;04;5;192.0
2010;09;05;6;194.0
2010;09;06;0;218.0
2010;09;07;1;168.0
2010;09;08;2;184.0
2010;09;09;3;166.0
2010;09;10;4;165.0
2010;09;11;5;180.0
2010;09;12;6;198.0
2010;09;13;0;160.0
2010;09;14;1;153.0
2010;09;15;2;188.0
2010;09;16;3;170.0
2010;09;17;4;162.0
2010;09;18;5;135.0
2010;09;19;6;123.0
2010;09;20;0;166.0
2010;09;21;1;188.0
2010;09;22;2;188.0
2010;09;23;3;206.0
2010;09;24;4;153.0
2010;09;25;5;132.0
2010;09;26;6;105.0
2010;09;27;0;104.0
2010;09;28;1;98.0
2010;09;29;2;122.0
2010;09;30;3;136.0
2010;10;01;4;139.0
2010;10;02;5;183.0
2010;10;03;6;210.0
2010;10;04;0;221.0
2010;10;05;1;168.0
2010;10;06;2;181.0
2010;10;07;3;188.0
2010;10;08;4;197.0
2010;10;09;5;199.0
2010;10;10;6;166.0
2010;10;11;0;130.0
2010;10;12;1;136.0
2010;10;13;2;102.0
2010;10;14;3;80.0
2010;10;15;4;79.0
2010;10;16;5;90.0
2010;10;17;6;68.0
2010;10;18;0;82.0
2010;10;19;1;66.0
2010;10;20;2;96.0
2010;10;21;3;64.0
2010;10;22;4;96.0
2010;10;23;5;143.0
2010;10;24;6;92.0
2010;10;25;0;69.0
2010;10;26;1;68.0
2010;10;27;2;66.0
2010;10;28;3;88.0
2010;10;29;4;115.0
2010;10;30;5;130.0
2010;10;31;6;105.0
2010;11;01;0;120.0
2010;11;02;1;109.0
2010;11;03;2;108.0
2010;11;04;3;139.0
2010;11;05;4;157.0
2010;11;06;5;152.0
2010;11;07;6;93.0
2010;11;08;0;63.0
2010;11;09;1;96.0
2010;11;10;2;95.0
2010;11;11;3;77.0
2010;11;12;4;122.0
2010;11;13;5;154.0
2010;11;14;6;170.0
2010;11;15;0;72.0
2010;11;16;1;74.0
2010;11;17;2;70.0
2010;11;18;3;94.0
2010;11;19;4;92.0
2010;11;20;5;82.0
2010;11;21;6;74.0
2010;11;22;0;50.0
2010;11;23;1;40.0
2010;11;24;2;38.0
2010;11;25;3;29.0
2010;11;26;4;11.0
2010;11;27;5;6.0
2010;11;28;6;24.0
2010;11;29;0;38.0
2010;11;30;1;-28.0
