2006;12;01;4;72.0
2006;12;02;5;74.0
2006;12;03;6;90.0
2006;12;04;0;138.0
2006;12;05;1;130.0
2006;12;06;2;80.0
2006;12;07;3;76.0
2006;12;08;4;84.0
2006;12;09;5;56.0
2006;12;10;6;60.0
2006;12;11;0;40.0
2006;12;12;1;72.0
2006;12;13;2;45.0
2006;12;14;3;38.0
2006;12;15;4;71.0
2006;12;16;5;83.0
2006;12;17;6;72.0
2006;12;18;0;18.0
2006;12;19;1;22.0
2006;12;20;2;10.0
2006;12;21;3;15.0
2006;12;22;4;-10.0
2006;12;23;5;6.0
2006;12;24;6;-8.0
2006;12;25;0;3.0
2006;12;26;1;11.0
2006;12;27;2;70.0
2006;12;28;3;80.0
2006;12;29;4;74.0
2006;12;30;5;93.0
2006;12;31;6;115.0
2007;01;01;0;100.0
2007;01;02;1;79.0
2007;01;03;2;64.0
2007;01;04;3;84.0
2007;01;05;4;81.0
2007;01;06;5;95.0
2007;01;07;6;107.0
2007;01;08;0;94.0
2007;01;09;1;100.0
2007;01;10;2;95.0
2007;01;11;3;98.0
2007;01;12;4;96.0
2007;01;13;5;103.0
2007;01;14;6;102.0
2007;01;15;0;52.0
2007;01;16;1;76.0
2007;01;17;2;94.0
2007;01;18;3;127.0
2007;01;19;4;108.0
2007;01;20;5;90.0
2007;01;21;6;75.0
2007;01;22;0;31.0
2007;01;23;1;19.0
2007;01;24;2;-4.0
2007;01;25;3;-14.0
2007;01;26;4;-28.0
2007;01;27;5;-25.0
2007;01;28;6;-14.0
2007;01;29;0;-2.0
2007;01;30;1;17.0
2007;01;31;2;33.0
2007;02;01;3;50.0
2007;02;02;4;25.0
2007;02;03;5;28.0
2007;02;04;6;52.0
2007;02;05;0;64.0
2007;02;06;1;76.0
2007;02;07;2;73.0
2007;02;08;3;68.0
2007;02;09;4;56.0
2007;02;10;5;72.0
2007;02;11;6;105.0
2007;02;12;0;96.0
2007;02;13;1;78.0
2007;02;14;2;124.0
2007;02;15;3;83.0
2007;02;16;4;124.0
2007;02;17;5;130.0
2007;02;18;6;65.0
2007;02;19;0;78.0
2007;02;20;1;74.0
2007;02;21;2;84.0
2007;02;22;3;76.0
2007;02;23;4;100.0
2007;02;24;5;108.0
2007;02;25;6;86.0
2007;02;26;0;91.0
2007;02;27;1;110.0
2007;02;28;2;105.0
2007;03;01;3;114.0
2007;03;02;4;127.0
2007;03;03;5;136.0
2007;03;04;6;151.0
2007;03;05;0;104.0
2007;03;06;1;102.0
2007;03;07;2;80.0
2007;03;08;3;92.0
2007;03;09;4;67.0
2007;03;10;5;65.0
2007;03;11;6;81.0
2007;03;12;0;80.0
2007;03;13;1;99.0
2007;03;14;2;106.0
2007;03;15;3;102.0
2007;03;16;4;102.0
2007;03;17;5;89.0
2007;03;18;6;94.0
2007;03;19;0;28.0
2007;03;20;1;34.0
2007;03;21;2;24.0
2007;03;22;3;36.0
2007;03;23;4;52.0
2007;03;24;5;54.0
2007;03;25;6;34.0
2007;03;26;0;80.0
2007;03;27;1;70.0
2007;03;28;2;73.0
2007;03;29;3;78.0
2007;03;30;4;62.0
2007;03;31;5;68.0
2007;04;01;6;64.0
2007;04;02;0;91.0
2007;04;03;1;92.0
2007;04;04;2;54.0
2007;04;05;3;52.0
2007;04;06;4;80.0
2007;04;07;5;105.0
2007;04;08;6;122.0
2007;04;09;0;113.0
2007;04;10;1;127.0
2007;04;11;2;136.0
2007;04;12;3;128.0
2007;04;13;4;130.0
2007;04;14;5;110.0
2007;04;15;6;138.0
2007;04;16;0;142.0
2007;04;17;1;152.0
2007;04;18;2;148.0
2007;04;19;3;164.0
2007;04;20;4;168.0
2007;04;21;5;165.0
2007;04;22;6;168.0
2007;04;23;0;189.0
2007;04;24;1;192.0
2007;04;25;2;156.0
2007;04;26;3;166.0
2007;04;27;4;158.0
2007;04;28;5;151.0
2007;04;29;6;154.0
2007;04;30;0;144.0
2007;05;01;1;85.0
2007;05;02;2;114.0
2007;05;03;3;126.0
2007;05;04;4;122.0
2007;05;05;5;130.0
2007;05;06;6;138.0
2007;05;07;0;112.0
2007;05;08;1;143.0
2007;05;09;2;170.0
2007;05;10;3;202.0
2007;05;11;4;160.0
2007;05;12;5;184.0
2007;05;13;6;204.0
2007;05;14;0;115.0
2007;05;15;1;118.0
2007;05;16;2;125.0
2007;05;17;3;137.0
2007;05;18;4;172.0
2007;05;19;5;165.0
2007;05;20;6;186.0
2007;05;21;0;152.0
2007;05;22;1;174.0
2007;05;23;2;186.0
2007;05;24;3;194.0
2007;05;25;4;190.0
2007;05;26;5;125.0
2007;05;27;6;124.0
2007;05;28;0;99.0
2007;05;29;1;109.0
2007;05;30;2;167.0
2007;05;31;3;156.0
2007;06;01;4;140.0
2007;06;02;5;132.0
2007;06;03;6;170.0
2007;06;04;0;134.0
2007;06;05;1;163.0
2007;06;06;2;182.0
2007;06;07;3;200.0
2007;06;08;4;213.0
2007;06;09;5;220.0
2007;06;10;6;204.0
2007;06;11;0;188.0
2007;06;12;1;214.0
2007;06;13;2;202.0
2007;06;14;3;210.0
2007;06;15;4;188.0
2007;06;16;5;182.0
2007;06;17;6;188.0
2007;06;18;0;199.0
2007;06;19;1;228.0
2007;06;20;2;188.0
2007;06;21;3;158.0
2007;06;22;4;157.0
2007;06;23;5;155.0
2007;06;24;6;190.0
2007;06;25;0;144.0
2007;06;26;1;142.0
2007;06;27;2;146.0
2007;06;28;3;167.0
2007;06;29;4;163.0
2007;06;30;5;196.0
2007;07;01;6;180.0
2007;07;02;0;162.0
2007;07;03;1;166.0
2007;07;04;2;164.0
2007;07;05;3;154.0
2007;07;06;4;194.0
2007;07;07;5;218.0
2007;07;08;6;180.0
2007;07;09;0;158.0
2007;07;10;1;142.0
2007;07;11;2;172.0
2007;07;12;3;189.0
2007;07;13;4;214.0
2007;07;14;5;239.0
2007;07;15;6;256.0
2007;07;16;0;218.0
2007;07;17;1;213.0
2007;07;18;2;181.0
2007;07;19;3;204.0
2007;07;20;4;157.0
2007;07;21;5;146.0
2007;07;22;6;192.0
2007;07;23;0;195.0
2007;07;24;1;180.0
2007;07;25;2;178.0
2007;07;26;3;203.0
2007;07;27;4;216.0
2007;07;28;5;213.0
2007;07;29;6;214.0
2007;07;30;0;196.0
2007;07;31;1;215.0
2007;08;01;2;202.0
2007;08;02;3;198.0
2007;08;03;4;192.0
2007;08;04;5;217.0
2007;08;05;6;267.0
2007;08;06;0;180.0
2007;08;07;1;150.0
2007;08;08;2;171.0
2007;08;09;3;174.0
2007;08;10;4;170.0
2007;08;11;5;187.0
2007;08;12;6;203.0
2007;08;13;0;188.0
2007;08;14;1;221.0
2007;08;15;2;245.0
2007;08;16;3;168.0
2007;08;17;4;169.0
2007;08;18;5;176.0
2007;08;19;6;162.0
2007;08;20;0;161.0
2007;08;21;1;140.0
2007;08;22;2;142.0
2007;08;23;3;160.0
2007;08;24;4;179.0
2007;08;25;5;186.0
2007;08;26;6;241.0
2007;08;27;0;252.0
2007;08;28;1;265.0
2007;08;29;2;195.0
2007;08;30;3;169.0
2007;08;31;4;156.0
2007;09;01;5;164.0
2007;09;02;6;170.0
2007;09;03;0;187.0
2007;09;04;1;163.0
2007;09;05;2;128.0
2007;09;06;3;144.0
2007;09;07;4;156.0
2007;09;08;5;166.0
2007;09;09;6;178.0
2007;09;10;0;180.0
2007;09;11;1;168.0
2007;09;12;2;174.0
2007;09;13;3;177.0
2007;09;14;4;178.0
2007;09;15;5;188.0
2007;09;16;6;208.0
2007;09;17;0;199.0
2007;09;18;1;158.0
2007;09;19;2;137.0
2007;09;20;3;140.0
2007;09;21;4;186.0
2007;09;22;5;165.0
2007;09;23;6;175.0
2007;09;24;0;160.0
2007;09;25;1;144.0
2007;09;26;2;124.0
2007;09;27;3;86.0
2007;09;28;4;103.0
2007;09;29;5;126.0
2007;09;30;6;173.0
2007;10;01;0;188.0
2007;10;02;1;194.0
2007;10;03;2;156.0
2007;10;04;3;185.0
2007;10;05;4;186.0
2007;10;06;5;156.0
2007;10;07;6;163.0
2007;10;08;0;161.0
2007;10;09;1;144.0
2007;10;10;2;130.0
2007;10;11;3;112.0
2007;10;12;4;137.0
2007;10;13;5;132.0
2007;10;14;6;144.0
2007;10;15;0;153.0
2007;10;16;1;158.0
2007;10;17;2;143.0
2007;10;18;3;150.0
2007;10;19;4;123.0
2007;10;20;5;92.0
2007;10;21;6;76.0
2007;10;22;0;92.0
2007;10;23;1;116.0
2007;10;24;2;92.0
2007;10;25;3;66.0
2007;10;26;4;74.0
2007;10;27;5;94.0
2007;10;28;6;112.0
2007;10;29;0;104.0
2007;10;30;1;93.0
2007;10;31;2;75.0
2007;11;01;3;72.0
2007;11;02;4;82.0
2007;11;03;5;88.0
2007;11;04;6;85.0
2007;11;05;0;94.0
2007;11;06;1;80.0
2007;11;07;2;66.0
2007;11;08;3;60.0
2007;11;09;4;96.0
2007;11;10;5;62.0
2007;11;11;6;56.0
2007;11;12;0;70.0
2007;11;13;1;88.0
2007;11;14;2;64.0
2007;11;15;3;35.0
2007;11;16;4;-4.0
2007;11;17;5;6.0
2007;11;18;6;37.0
2007;11;19;0;82.0
2007;11;20;1;130.0
2007;11;21;2;118.0
2007;11;22;3;88.0
2007;11;23;4;84.0
2007;11;24;5;64.0
2007;11;25;6;57.0
2007;11;26;0;72.0
2007;11;27;1;52.0
2007;11;28;2;42.0
2007;11;29;3;55.0
2007;11;30;4;82.0
2007;12;01;5;80.0
2007;12;02;6;90.0
2007;12;03;0;95.0
2007;12;04;1;104.0
2007;12;05;2;87.0
2007;12;06;3;99.0
2007;12;07;4;100.0
2007;12;08;5;115.0
2007;12;09;6;104.0
2007;12;10;0;63.0
2007;12;11;1;50.0
2007;12;12;2;20.0
2007;12;13;3;8.0
2007;12;14;4;8.0
2007;12;15;5;-1.0
2007;12;16;6;3.0
2007;12;17;0;8.0
2007;12;18;1;16.0
2007;12;19;2;26.0
2007;12;20;3;29.0
2007;12;21;4;60.0
2007;12;22;5;68.0
2007;12;23;6;56.0
2007;12;24;0;51.0
2007;12;25;1;62.0
2007;12;26;2;49.0
2007;12;27;3;38.0
2007;12;28;4;31.0
2007;12;29;5;63.0
2007;12;30;6;63.0
2007;12;31;0;19.0
2008;01;01;1;21.0
2008;01;02;2;13.0
2008;01;03;3;51.0
2008;01;04;4;83.0
2008;01;05;5;100.0
2008;01;06;6;130.0
2008;01;07;0;81.0
2008;01;08;1;70.0
2008;01;09;2;90.0
2008;01;10;3;100.0
2008;01;11;4;96.0
2008;01;12;5;60.0
2008;01;13;6;52.0
2008;01;14;0;76.0
2008;01;15;1;70.0
2008;01;16;2;61.0
2008;01;17;3;100.0
2008;01;18;4;120.0
2008;01;19;5;115.0
2008;01;20;6;66.0
2008;01;21;0;88.0
2008;01;22;1;92.0
2008;01;23;2;79.0
2008;01;24;3;80.0
2008;01;25;4;77.0
2008;01;26;5;56.0
2008;01;27;6;83.0
2008;01;28;0;59.0
2008;01;29;1;42.0
2008;01;30;2;50.0
2008;01;31;3;58.0
2008;02;01;4;66.0
2008;02;02;5;64.0
2008;02;03;6;50.0
2008;02;04;0;54.0
2008;02;05;1;78.0
2008;02;06;2;98.0
2008;02;07;3;87.0
2008;02;08;4;98.0
2008;02;09;5;85.0
2008;02;10;6;90.0
2008;02;11;0;58.0
2008;02;12;1;61.0
2008;02;13;2;58.0
2008;02;14;3;60.0
2008;02;15;4;61.0
2008;02;16;5;62.0
2008;02;17;6;62.0
2008;02;18;0;73.0
2008;02;19;1;104.0
2008;02;20;2;96.0
2008;02;21;3;108.0
2008;02;22;4;105.0
2008;02;23;5;106.0
2008;02;24;6;105.0
2008;02;25;0;116.0
2008;02;26;1;136.0
2008;02;27;2;126.0
2008;02;28;3;128.0
2008;02;29;4;121.0
2008;03;01;5;115.0
2008;03;02;6;100.0
2008;03;03;0;103.0
2008;03;04;1;34.0
2008;03;05;2;28.0
2008;03;06;3;36.0
2008;03;07;4;56.0
2008;03;08;5;84.0
2008;03;09;6;60.0
2008;03;10;0;82.0
2008;03;11;1;100.0
2008;03;12;2;120.0
2008;03;13;3;135.0
2008;03;14;4;129.0
2008;03;15;5;171.0
2008;03;16;6;106.0
2008;03;17;0;120.0
2008;03;18;1;88.0
2008;03;19;2;64.0
2008;03;20;3;38.0
2008;03;21;4;62.0
2008;03;22;5;50.0
2008;03;23;6;30.0
2008;03;24;0;50.0
2008;03;25;1;88.0
2008;03;26;2;78.0
2008;03;27;3;67.0
2008;03;28;4;126.0
2008;03;29;5;104.0
2008;03;30;6;102.0
2008;03;31;0;70.0
2008;04;01;1;90.0
2008;04;02;2;124.0
2008;04;03;3;105.0
2008;04;04;4;104.0
2008;04;05;5;100.0
2008;04;06;6;94.0
2008;04;07;0;57.0
2008;04;08;1;114.0
2008;04;09;2;160.0
2008;04;10;3;128.0
2008;04;11;4;72.0
2008;04;12;5;74.0
2008;04;13;6;104.0
2008;04;14;0;84.0
2008;04;15;1;76.0
2008;04;16;2;103.0
2008;04;17;3;102.0
2008;04;18;4;92.0
2008;04;19;5;98.0
2008;04;20;6;100.0
2008;04;21;0;90.0
2008;04;22;1;117.0
2008;04;23;2;118.0
2008;04;24;3;131.0
2008;04;25;4;130.0
2008;04;26;5;151.0
2008;04;27;6;182.0
2008;04;28;0;109.0
2008;04;29;1;112.0
2008;04;30;2;108.0
2008;05;01;3;114.0
2008;05;02;4;154.0
2008;05;03;5;190.0
2008;05;04;6;196.0
2008;05;05;0;142.0
2008;05;06;1;149.0
2008;05;07;2;168.0
2008;05;08;3;178.0
2008;05;09;4;152.0
2008;05;10;5;136.0
2008;05;11;6;152.0
2008;05;12;0;150.0
2008;05;13;1;154.0
2008;05;14;2;148.0
2008;05;15;3;158.0
2008;05;16;4;135.0
2008;05;17;5;136.0
2008;05;18;6;128.0
2008;05;19;0;120.0
2008;05;20;1;150.0
2008;05;21;2;150.0
2008;05;22;3;150.0
2008;05;23;4;148.0
2008;05;24;5;156.0
2008;05;25;6;107.0
2008;05;26;0;143.0
2008;05;27;1;120.0
2008;05;28;2;143.0
2008;05;29;3;154.0
2008;05;30;4;160.0
2008;05;31;5;152.0
2008;06;01;6;166.0
2008;06;02;0;150.0
2008;06;03;1;148.0
2008;06;04;2;150.0
2008;06;05;3;146.0
2008;06;06;4;144.0
2008;06;07;5;125.0
2008;06;08;6;131.0
2008;06;09;0;166.0
2008;06;10;1;166.0
2008;06;11;2;176.0
2008;06;12;3;172.0
2008;06;13;4;164.0
2008;06;14;5;142.0
2008;06;15;6;146.0
2008;06;16;0;161.0
2008;06;17;1;154.0
2008;06;18;2;174.0
2008;06;19;3;192.0
2008;06;20;4;208.0
2008;06;21;5;242.0
2008;06;22;6;241.0
2008;06;23;0;228.0
2008;06;24;1;210.0
2008;06;25;2;183.0
2008;06;26;3;218.0
2008;06;27;4;176.0
2008;06;28;5;202.0
2008;06;29;6;202.0
2008;06;30;0;210.0
2008;07;01;1;223.0
2008;07;02;2;189.0
2008;07;03;3;144.0
2008;07;04;4;180.0
2008;07;05;5;176.0
2008;07;06;6;143.0
2008;07;07;0;152.0
2008;07;08;1;168.0
2008;07;09;2;200.0
2008;07;10;3;218.0
2008;07;11;4;181.0
2008;07;12;5;148.0
2008;07;13;6;151.0
2008;07;14;0;158.0
2008;07;15;1;176.0
2008;07;16;2;194.0
2008;07;17;3;178.0
2008;07;18;4;199.0
2008;07;19;5;207.0
2008;07;20;6;192.0
2008;07;21;0;182.0
2008;07;22;1;161.0
2008;07;23;2;197.0
2008;07;24;3;187.0
2008;07;25;4;209.0
2008;07;26;5;192.0
2008;07;27;6;212.0
2008;07;28;0;212.0
2008;07;29;1;210.0
2008;07;30;2;236.0
2008;07;31;3;244.0
2008;08;01;4;180.0
2008;08;02;5;200.0
2008;08;03;6;224.0
2008;08;04;0;210.0
2008;08;05;1;233.0
2008;08;06;2;226.0
2008;08;07;3;198.0
2008;08;08;4;178.0
2008;08;09;5;196.0
2008;08;10;6;194.0
2008;08;11;0;202.0
2008;08;12;1;193.0
2008;08;13;2;164.0
2008;08;14;3;164.0
2008;08;15;4;150.0
2008;08;16;5;168.0
2008;08;17;6;187.0
2008;08;18;0;201.0
2008;08;19;1;173.0
2008;08;20;2;178.0
2008;08;21;3;195.0
2008;08;22;4;178.0
2008;08;23;5;174.0
2008;08;24;6;163.0
2008;08;25;0;168.0
2008;08;26;1;202.0
2008;08;27;2;202.0
2008;08;28;3;206.0
2008;08;29;4;225.0
2008;08;30;5;254.0
2008;08;31;6;202.0
2008;09;01;0;202.0
2008;09;02;1;182.0
2008;09;03;2;200.0
2008;09;04;3;187.0
2008;09;05;4;219.0
2008;09;06;5;167.0
2008;09;07;6;154.0
2008;09;08;0;183.0
2008;09;09;1;201.0
2008;09;10;2;207.0
2008;09;11;3;166.0
2008;09;12;4;142.0
2008;09;13;5;124.0
2008;09;14;6;140.0
2008;09;15;0;146.0
2008;09;16;1;134.0
2008;09;17;2;160.0
2008;09;18;3;160.0
2008;09;19;4;181.0
2008;09;20;5;180.0
2008;09;21;6;168.0
2008;09;22;0;152.0
2008;09;23;1;165.0
2008;09;24;2;128.0
2008;09;25;3;132.0
2008;09;26;4;125.0
2008;09;27;5;137.0
2008;09;28;6;154.0
2008;09;29;0;146.0
2008;09;30;1;138.0
2008;10;01;2;141.0
2008;10;02;3;128.0
2008;10;03;4;107.0
2008;10;04;5;94.0
2008;10;05;6;128.0
2008;10;06;0;161.0
2008;10;07;1;164.0
2008;10;08;2;140.0
2008;10;09;3;122.0
2008;10;10;4;134.0
2008;10;11;5;162.0
2008;10;12;6;174.0
2008;10;13;0;192.0
2008;10;14;1;171.0
2008;10;15;2;176.0
2008;10;16;3;154.0
2008;10;17;4;152.0
2008;10;18;5;142.0
2008;10;19;6;132.0
2008;10;20;0;170.0
2008;10;21;1;164.0
2008;10;22;2;92.0
2008;10;23;3;74.0
2008;10;24;4;99.0
2008;10;25;5;110.0
2008;10;26;6;122.0
2008;10;27;0;118.0
2008;10;28;1;74.0
2008;10;29;2;68.0
2008;10;30;3;72.0
2008;10;31;4;82.0
2008;11;01;5;112.0
2008;11;02;6;72.0
2008;11;03;0;99.0
2008;11;04;1;84.0
2008;11;05;2;86.0
2008;11;06;3;104.0
2008;11;07;4;92.0
2008;11;08;5;108.0
2008;11;09;6;120.0
2008;11;10;0;126.0
2008;11;11;1;98.0
2008;11;12;2;88.0
2008;11;13;3;76.0
2008;11;14;4;68.0
2008;11;15;5;63.0
2008;11;16;6;78.0
2008;11;17;0;82.0
2008;11;18;1;84.0
2008;11;19;2;92.0
2008;11;20;3;92.0
2008;11;21;4;94.0
2008;11;22;5;82.0
2008;11;23;6;94.0
2008;11;24;0;52.0
2008;11;25;1;30.0
2008;11;26;2;10.0
2008;11;27;3;21.0
2008;11;28;4;28.0
2008;11;29;5;36.0
2008;11;30;6;60.0
2008;12;01;0;42.0
2008;12;02;1;51.0
2008;12;03;2;60.0
2008;12;04;3;94.0
2008;12;05;4;88.0
2008;12;06;5;90.0
2008;12;07;6;89.0
2008;12;08;0;70.0
2008;12;09;1;58.0
2008;12;10;2;19.0
2008;12;11;3;24.0
2008;12;12;4;56.0
2008;12;13;5;38.0
2008;12;14;6;32.0
2008;12;15;0;40.0
2008;12;16;1;48.0
2008;12;17;2;72.0
2008;12;18;3;64.0
2008;12;19;4;78.0
2008;12;20;5;61.0
2008;12;21;6;77.0
2008;12;22;0;46.0
2008;12;23;1;64.0
2008;12;24;2;58.0
2008;12;25;3;37.0
2008;12;26;4;16.0
2008;12;27;5;46.0
2008;12;28;6;42.0
2008;12;29;0;38.0
2008;12;30;1;86.0
2008;12;31;2;82.0
2009;01;01;3;75.0
2009;01;02;4;94.0
2009;01;03;5;61.0
2009;01;04;6;38.0
2009;01;05;0;29.0
2009;01;06;1;-4.0
2009;01;07;2;-40.0
2009;01;08;3;-44.0
2009;01;09;4;-34.0
2009;01;10;5;-1.0
2009;01;11;6;36.0
2009;01;12;0;49.0
2009;01;13;1;45.0
2009;01;14;2;66.0
2009;01;15;3;46.0
2009;01;16;4;60.0
2009;01;17;5;58.0
2009;01;18;6;68.0
2009;01;19;0;88.0
2009;01;20;1;42.0
2009;01;21;2;28.0
2009;01;22;3;78.0
2009;01;23;4;121.0
2009;01;24;5;61.0
2009;01;25;6;42.0
2009;01;26;0;44.0
2009;01;27;1;60.0
2009;01;28;2;59.0
2009;01;29;3;74.0
2009;01;30;4;104.0
2009;01;31;5;71.0
2009;02;01;6;65.0
2009;02;02;0;70.0
2009;02;03;1;48.0
2009;02;04;2;84.0
2009;02;05;3;84.0
2009;02;06;4;36.0
2009;02;07;5;22.0
2009;02;08;6;48.0
2009;02;09;0;109.0
2009;02;10;1;57.0
2009;02;11;2;27.0
2009;02;12;3;59.0
2009;02;13;4;38.0
2009;02;14;5;29.0
2009;02;15;6;18.0
2009;02;16;0;27.0
2009;02;17;1;36.0
2009;02;18;2;60.0
2009;02;19;3;62.0
2009;02;20;4;50.0
2009;02;21;5;58.0
2009;02;22;6;60.0
2009;02;23;0;78.0
2009;02;24;1;68.0
2009;02;25;2;60.0
2009;02;26;3;88.0
2009;02;27;4;94.0
2009;02;28;5;82.0
2009;03;01;6;92.0
2009;03;02;0;83.0
2009;03;03;1;64.0
2009;03;04;2;47.0
2009;03;05;3;26.0
2009;03;06;4;52.0
2009;03;07;5;68.0
2009;03;08;6;76.0
2009;03;09;0;80.0
2009;03;10;1;73.0
2009;03;11;2;90.0
2009;03;12;3;96.0
2009;03;13;4;138.0
2009;03;14;5;119.0
2009;03;15;6;110.0
2009;03;16;0;100.0
2009;03;17;1;118.0
2009;03;18;2;126.0
2009;03;19;3;131.0
2009;03;20;4;95.0
2009;03;21;5;62.0
2009;03;22;6;82.0
2009;03;23;0;85.0
2009;03;24;1;82.0
2009;03;25;2;65.0
2009;03;26;3;100.0
2009;03;27;4;111.0
2009;03;28;5;57.0
2009;03;29;6;78.0
2009;03;30;0;64.0
2009;03;31;1;65.0
2009;04;01;2;95.0
2009;04;02;3;97.0
2009;04;03;4;106.0
2009;04;04;5;124.0
2009;04;05;6;128.0
2009;04;06;0;142.0
2009;04;07;1;66.0
2009;04;08;2;105.0
2009;04;09;3;114.0
2009;04;10;4;106.0
2009;04;11;5;58.0
2009;04;12;6;62.0
2009;04;13;0;100.0
2009;04;14;1;106.0
2009;04;15;2;127.0
2009;04;16;3;94.0
2009;04;17;4;112.0
2009;04;18;5;98.0
2009;04;19;6;98.0
2009;04;20;0;100.0
2009;04;21;1;104.0
2009;04;22;2;128.0
2009;04;23;3;133.0
2009;04;24;4;150.0
2009;04;25;5;90.0
2009;04;26;6;60.0
2009;04;27;0;104.0
2009;04;28;1;104.0
2009;04;29;2;110.0
2009;04;30;3;112.0
2009;05;01;4;95.0
2009;05;02;5;136.0
2009;05;03;6;129.0
2009;05;04;0;123.0
2009;05;05;1;132.0
2009;05;06;2;154.0
2009;05;07;3;150.0
2009;05;08;4;129.0
2009;05;09;5;174.0
2009;05;10;6;177.0
2009;05;11;0;185.0
2009;05;12;1;168.0
2009;05;13;2;158.0
2009;05;14;3;117.0
2009;05;15;4;114.0
2009;05;16;5;141.0
2009;05;17;6;140.0
2009;05;18;0;130.0
2009;05;19;1;140.0
2009;05;20;2;174.0
2009;05;21;3;158.0
2009;05;22;4;170.0
2009;05;23;5;200.0
2009;05;24;6;203.0
2009;05;25;0;174.0
2009;05;26;1;133.0
2009;05;27;2;141.0
2009;05;28;3;151.0
2009;05;29;4;181.0
2009;05;30;5;206.0
2009;05;31;6;190.0
2009;06;01;0;180.0
2009;06;02;1;185.0
2009;06;03;2;195.0
2009;06;04;3;198.0
2009;06;05;4;167.0
2009;06;06;5;156.0
2009;06;07;6;155.0
2009;06;08;0;163.0
2009;06;09;1;146.0
2009;06;10;2;202.0
2009;06;11;3;174.0
2009;06;12;4;192.0
2009;06;13;5;232.0
2009;06;14;6;222.0
2009;06;15;0;208.0
2009;06;16;1;168.0
2009;06;17;2;230.0
2009;06;18;3;215.0
2009;06;19;4;180.0
2009;06;20;5;174.0
2009;06;21;6;158.0
2009;06;22;0;172.0
2009;06;23;1;173.0
2009;06;24;2;173.0
2009;06;25;3;180.0
2009;06;26;4;190.0
2009;06;27;5;204.0
2009;06;28;6;214.0
2009;06;29;0;234.0
2009;06;30;1;259.0
2009;07;01;2;250.0
2009;07;02;3;226.0
2009;07;03;4;227.0
2009;07;04;5;208.0
2009;07;05;6;204.0
2009;07;06;0;179.0
2009;07;07;1;168.0
2009;07;08;2;161.0
2009;07;09;3;178.0
2009;07;10;4;184.0
2009;07;11;5;204.0
2009;07;12;6;213.0
2009;07;13;0;230.0
2009;07;14;1;196.0
2009;07;15;2;220.0
2009;07;16;3;234.0
2009;07;17;4;153.0
2009;07;18;5;164.0
2009;07;19;6;176.0
2009;07;20;0;211.0
2009;07;21;1;256.0
2009;07;22;2;242.0
2009;07;23;3;216.0
2009;07;24;4;189.0
2009;07;25;5;186.0
2009;07;26;6;210.0
2009;07;27;0;176.0
2009;07;28;1;202.0
2009;07;29;2;206.0
2009;07;30;3;192.0
2009;07;31;4;202.0
2009;08;01;5;212.0
2009;08;02;6;172.0
2009;08;03;0;182.0
2009;08;04;1;202.0
2009;08;05;2;243.0
2009;08;06;3;221.0
2009;08;07;4;183.0
2009;08;08;5;177.0
2009;08;09;6;181.0
2009;08;10;0;196.0
2009;08;11;1;218.0
2009;08;12;2;225.0
2009;08;13;3;218.0
2009;08;14;4;231.0
2009;08;15;5;260.0
2009;08;16;6;244.0
2009;08;17;0;234.0
2009;08;18;1;246.0
2009;08;19;2;249.0
2009;08;20;3;228.0
2009;08;21;4;182.0
2009;08;22;5;220.0
2009;08;23;6;234.0
2009;08;24;0;200.0
2009;08;25;1;184.0
2009;08;26;2;204.0
2009;08;27;3;227.0
2009;08;28;4;194.0
2009;08;29;5;172.0
2009;08;30;6;172.0
2009;08;31;0;223.0
2009;09;01;1;188.0
2009;09;02;2;202.0
2009;09;03;3;186.0
2009;09;04;4;171.0
2009;09;05;5;154.0
2009;09;06;6;168.0
2009;09;07;0;214.0
2009;09;08;1;224.0
2009;09;09;2;208.0
2009;09;10;3;204.0
2009;09;11;4;186.0
2009;09;12;5;187.0
2009;09;13;6;184.0
2009;09;14;0;169.0
2009;09;15;1;160.0
2009;09;16;2;136.0
2009;09;17;3;152.0
2009;09;18;4;154.0
2009;09;19;5;162.0
2009;09;20;6;144.0
2009;09;21;0;166.0
2009;09;22;1;176.0
2009;09;23;2;184.0
2009;09;24;3;180.0
2009;09;25;4;196.0
2009;09;26;5;176.0
2009;09;27;6;179.0
2009;09;28;0;184.0
2009;09;29;1;190.0
2009;09;30;2;199.0
2009;10;01;3;186.0
2009;10;02;4;169.0
2009;10;03;5;140.0
2009;10;04;6;167.0
2009;10;05;0;213.0
2009;10;06;1;217.0
2009;10;07;2;210.0
2009;10;08;3;184.0
2009;10;09;4;164.0
2009;10;10;5;158.0
2009;10;11;6;176.0
2009;10;12;0;172.0
2009;10;13;1;103.0
2009;10;14;2;104.0
2009;10;15;3;80.0
2009;10;16;4;55.0
2009;10;17;5;77.0
2009;10;18;6;73.0
2009;10;19;0;88.0
2009;10;20;1;142.0
2009;10;21;2;134.0
2009;10;22;3;92.0
2009;10;23;4;125.0
2009;10;24;5;190.0
2009;10;25;6;160.0
2009;10;26;0;148.0
2009;10;27;1;151.0
2009;10;28;2;173.0
2009;10;29;3;180.0
2009;10;30;4;172.0
2009;10;31;5;166.0
2009;11;01;6;168.0
2009;11;02;0;110.0
2009;11;03;1;127.0
2009;11;04;2;96.0
2009;11;05;3;81.0
2009;11;06;4;96.0
2009;11;07;5;86.0
2009;11;08;6;67.0
2009;11;09;0;74.0
2009;11;10;1;56.0
2009;11;11;2;92.0
2009;11;12;3;143.0
2009;11;13;4;142.0
2009;11;14;5;138.0
2009;11;15;6;113.0
2009;11;16;0;148.0
2009;11;17;1;141.0
2009;11;18;2;110.0
2009;11;19;3;130.0
2009;11;20;4;128.0
2009;11;21;5;108.0
2009;11;22;6;118.0
2009;11;23;0;110.0
2009;11;24;1;102.0
2009;11;25;2;102.0
2009;11;26;3;104.0
2009;11;27;4;88.0
2009;11;28;5;86.0
2009;11;29;6;93.0
2009;11;30;0;50.0
2009;12;01;1;68.0
2009;12;02;2;113.0
2009;12;03;3;86.0
2009;12;04;4;90.0
2009;12;05;5;108.0
2009;12;06;6;114.0
2009;12;07;0;128.0
2009;12;08;1;108.0
2009;12;09;2;94.0
2009;12;10;3;88.0
2009;12;11;4;58.0
2009;12;12;5;22.0
2009;12;13;6;14.0
2009;12;14;0;4.0
2009;12;15;1;4.0
2009;12;16;2;-20.0
2009;12;17;3;-8.0
2009;12;18;4;-20.0
2009;12;19;5;-22.0
2009;12;20;6;-1.0
2009;12;21;0;37.0
2009;12;22;1;78.0
2009;12;23;2;54.0
2009;12;24;3;109.0
2009;12;25;4;67.0
2009;12;26;5;31.0
2009;12;27;6;68.0
2009;12;28;0;88.0
2009;12;29;1;123.0
2009;12;30;2;124.0
2009;12;31;3;87.0
2010;01;01;4;68.0
2010;01;02;5;40.0
2010;01;03;6;46.0
2010;01;04;0;80.0
2010;01;05;1;36.0
2010;01;06;2;46.0
2010;01;07;3;4.0
2010;01;08;4;-25.0
2010;01;09;5;-35.0
2010;01;10;6;-24.0
2010;01;11;0;-2.0
2010;01;12;1;5.0
2010;01;13;2;79.0
2010;01;14;3;42.0
2010;01;15;4;70.0
2010;01;16;5;76.0
2010;01;17;6;94.0
2010;01;18;0;68.0
2010;01;19;1;64.0
2010;01;20;2;92.0
2010;01;21;3;71.0
2010;01;22;4;70.0
2010;01;23;5;71.0
2010;01;24;6;70.0
2010;01;25;0;36.0
2010;01;26;1;20.0
2010;01;27;2;-1.0
2010;01;28;3;26.0
2010;01;29;4;65.0
2010;01;30;5;52.0
2010;01;31;6;17.0
2010;02;01;0;21.0
2010;02;02;1;38.0
2010;02;03;2;52.0
2010;02;04;3;50.0
2010;02;05;4;82.0
2010;02;06;5;60.0
2010;02;07;6;72.0
2010;02;08;0;40.0
2010;02;09;1;26.0
2010;02;10;2;12.0
2010;02;11;3;-32.0
2010;02;12;4;-36.0
2010;02;13;5;-28.0
2010;02;14;6;-11.0
2010;02;15;0;-18.0
2010;02;16;1;20.0
2010;02;17;2;62.0
2010;02;18;3;67.0
2010;02;19;4;54.0
2010;02;20;5;48.0
2010;02;21;6;45.0
2010;02;22;0;87.0
2010;02;23;1;104.0
2010;02;24;2;102.0
2010;02;25;3;106.0
2010;02;26;4;95.0
2010;02;27;5;116.0
2010;02;28;6;110.0
2010;03;01;0;96.0
2010;03;02;1;78.0
2010;03;03;2;90.0
2010;03;04;3;82.0
2010;03;05;4;66.0
2010;03;06;5;48.0
2010;03;07;6;8.0
2010;03;08;0;-20.0
2010;03;09;1;-14.0
2010;03;10;2;-4.0
2010;03;11;3;-14.0
2010;03;12;4;24.0
2010;03;13;5;24.0
2010;03;14;6;32.0
2010;03;15;0;50.0
2010;03;16;1;62.0
2010;03;17;2;121.0
2010;03;18;3;97.0
2010;03;19;4;138.0
2010;03;20;5;146.0
2010;03;21;6;102.0
2010;03;22;0;120.0
2010;03;23;1;136.0
2010;03;24;2;152.0
2010;03;25;3;136.0
2010;03;26;4;115.0
2010;03;27;5;90.0
2010;03;28;6;112.0
2010;03;29;0;121.0
2010;03;30;1;76.0
2010;03;31;2;109.0
2010;04;01;3;76.0
2010;04;02;4;87.0
2010;04;03;5;83.0
2010;04;04;6;80.0
2010;04;05;0;76.0
2010;04;06;1;113.0
2010;04;07;2;81.0
2010;04;08;3;88.0
2010;04;09;4;95.0
2010;04;10;5;120.0
2010;04;11;6;132.0
2010;04;12;0;104.0
2010;04;13;1;72.0
2010;04;14;2;92.0
2010;04;15;3;93.0
2010;04;16;4;98.0
2010;04;17;5;112.0
2010;04;18;6;128.0
2010;04;19;0;152.0
2010;04;20;1;137.0
2010;04;21;2;167.0
2010;04;22;3;154.0
2010;04;23;4;129.0
2010;04;24;5;158.0
2010;04;25;6;151.0
2010;04;26;0;165.0
2010;04;27;1;164.0
2010;04;28;2;172.0
2010;04;29;3;166.0
2010;04;30;4;136.0
2010;05;01;5;116.0
2010;05;02;6;106.0
2010;05;03;0;85.0
2010;05;04;1;32.0
2010;05;05;2;49.0
2010;05;06;3;74.0
2010;05;07;4;82.0
2010;05;08;5;125.0
2010;05;09;6;138.0
2010;05;10;0;136.0
2010;05;11;1;116.0
2010;05;12;2;122.0
2010;05;13;3;87.0
2010;05;14;4;84.0
2010;05;15;5;88.0
2010;05;16;6;102.0
2010;05;17;0;120.0
2010;05;18;1;138.0
2010;05;19;2;138.0
2010;05;20;3;142.0
2010;05;21;4;172.0
2010;05;22;5;172.0
2010;05;23;6;186.0
2010;05;24;0;206.0
2010;05;25;1;206.0
2010;05;26;2;168.0
2010;05;27;3;148.0
2010;05;28;4;140.0
2010;05;29;5;162.0
2010;05;30;6;178.0
2010;05;31;0;187.0
2010;06;01;1;182.0
2010;06;02;2;184.0
2010;06;03;3;167.0
2010;06;04;4;193.0
2010;06;05;5;210.0
2010;06;06;6;151.0
2010;06;07;0;190.0
2010;06;08;1;184.0
2010;06;09;2;178.0
2010;06;10;3;207.0
2010;06;11;4;160.0
2010;06;12;5;152.0
2010;06;13;6;184.0
2010;06;14;0;125.0
2010;06;15;1;126.0
2010;06;16;2;148.0
2010;06;17;3;134.0
2010;06;18;4;149.0
2010;06;19;5;133.0
2010;06;20;6;134.0
2010;06;21;0;126.0
2010;06;22;1;144.0
2010;06;23;2;168.0
2010;06;24;3;194.0
2010;06;25;4;212.0
2010;06;26;5;220.0
2010;06;27;6;210.0
2010;06;28;0;203.0
2010;06;29;1;219.0
2010;06;30;2;226.0
2010;07;01;3;248.0
2010;07;02;4;237.0
2010;07;03;5;206.0
2010;07;04;6;211.0
2010;07;05;0;204.0
2010;07;06;1;214.0
2010;07;07;2;216.0
2010;07;08;3;262.0
2010;07;09;4;218.0
2010;07;10;5;236.0
2010;07;11;6;231.0
2010;07;12;0;214.0
2010;07;13;1;228.0
2010;07;14;2;196.0
2010;07;15;3;210.0
2010;07;16;4;198.0
2010;07;17;5;179.0
2010;07;18;6;206.0
2010;07;19;0;217.0
2010;07;20;1;222.0
2010;07;21;2;180.0
2010;07;22;3;164.0
2010;07;23;4;182.0
2010;07;24;5;180.0
2010;07;25;6;180.0
2010;07;26;0;196.0
2010;07;27;1;211.0
2010;07;28;2;219.0
2010;07;29;3;204.0
2010;07;30;4;202.0
2010;07;31;5;212.0
2010;08;01;6;192.0
2010;08;02;0;166.0
2010;08;03;1;192.0
2010;08;04;2;200.0
2010;08;05;3;191.0
2010;08;06;4;182.0
2010;08;07;5;191.0
2010;08;08;6;200.0
2010;08;09;0;192.0
2010;08;10;1;214.0
2010;08;11;2;200.0
2010;08;12;3;190.0
2010;08;13;4;172.0
2010;08;14;5;171.0
2010;08;15;6;170.0
2010;08;16;0;167.0
2010;08;17;1;192.0
2010;08;18;2;207.0
2010;08;19;3;188.0
2010;08;20;4;230.0
2010;08;21;5;249.0
2010;08;22;6;252.0
2010;08;23;0;229.0
2010;08;24;1;189.0
2010;08;25;2;216.0
2010;08;26;3;274.0
2010;08;27;4;222.0
2010;08;28;5;198.0
2010;08;29;6;180.0
2010;08;30;0;165.0
2010;08;31;1;150.0
2010;09;01;2;190.0
2010;09;02;3;210.0
2010;09;03;4;210.0
2010;09;04;5;184.0
2010;09;05;6;211.0
2010;09;06;0;216.0
2010;09;07;1;192.0
2010;09;08;2;166.0
2010;09;09;3;167.0
2010;09;10;4;164.0
2010;09;11;5;182.0
2010;09;12;6;184.0
2010;09;13;0;172.0
2010;09;14;1;174.0
2010;09;15;2;189.0
2010;09;16;3;148.0
2010;09;17;4;142.0
2010;09;18;5;154.0
2010;09;19;6;143.0
2010;09;20;0;174.0
2010;09;21;1;208.0
2010;09;22;2;196.0
2010;09;23;3;189.0
2010;09;24;4;153.0
2010;09;25;5;144.0
2010;09;26;6;116.0
2010;09;27;0;112.0
2010;09;28;1;140.0
2010;09;29;2;138.0
2010;09;30;3;138.0
2010;10;01;4;162.0
2010;10;02;5;198.0
2010;10;03;6;166.0
2010;10;04;0;146.0
2010;10;05;1;160.0
2010;10;06;2;160.0
2010;10;07;3;177.0
2010;10;08;4;189.0
2010;10;09;5;168.0
2010;10;10;6;136.0
2010;10;11;0;144.0
2010;10;12;1;141.0
2010;10;13;2;146.0
2010;10;14;3;126.0
2010;10;15;4;96.0
2010;10;16;5;100.0
2010;10;17;6;96.0
2010;10;18;0;72.0
2010;10;19;1;84.0
2010;10;20;2;101.0
2010;10;21;3;90.0
2010;10;22;4;112.0
2010;10;23;5;122.0
2010;10;24;6;131.0
2010;10;25;0;84.0
2010;10;26;1;64.0
2010;10;27;2;88.0
2010;10;28;3;119.0
2010;10;29;4;127.0
2010;10;30;5;102.0
2010;10;31;6;100.0
2010;11;01;0;114.0
2010;11;02;1;130.0
2010;11;03;2;133.0
2010;11;04;3;140.0
2010;11;05;4;123.0
2010;11;06;5;105.0
2010;11;07;6;87.0
2010;11;08;0;92.0
2010;11;09;1;107.0
2010;11;10;2;68.0
2010;11;11;3;99.0
2010;11;12;4;164.0
2010;11;13;5;124.0
2010;11;14;6;125.0
2010;11;15;0;101.0
2010;11;16;1;92.0
2010;11;17;2;44.0
2010;11;18;3;76.0
2010;11;19;4;73.0
2010;11;20;5;89.0
2010;11;21;6;68.0
2010;11;22;0;76.0
2010;11;23;1;66.0
2010;11;24;2;50.0
2010;11;25;3;56.0
2010;11;26;4;38.0
2010;11;27;5;28.0
2010;11;28;6;21.0
2010;11;29;0;18.0
2010;11;30;1;30.0
