2006;12;01;4;90.0
2006;12;02;5;99.5
2006;12;03;6;105.8
2006;12;04;0;124.625
2006;12;05;1;135.075
2006;12;06;2;101.075
2006;12;07;3;92.475
2006;12;08;4;96.35
2006;12;09;5;69.65
2006;12;10;6;59.0
2006;12;11;0;62.6
2006;12;12;1;65.475
2006;12;13;2;71.65
2006;12;14;3;61.625
2006;12;15;4;68.475
2006;12;16;5;79.55
2006;12;17;6;64.9
2006;12;18;0;49.1
2006;12;19;1;37.275
2006;12;20;2;31.175
2006;12;21;3;30.925
2006;12;22;4;39.05
2006;12;23;5;19.0
2006;12;24;6;16.8
2006;12;25;0;15.675
2006;12;26;1;17.75
2006;12;27;2;26.575
2006;12;28;3;33.85
2006;12;29;4;49.7
2006;12;30;5;88.525
2006;12;31;6;106.375
2007;01;01;0;95.05
2007;01;02;1;79.75
2007;01;03;2;75.575
2007;01;04;3;84.85
2007;01;05;4;95.7
2007;01;06;5;101.75
2007;01;07;6;94.35
2007;01;08;0;103.675
2007;01;09;1;121.7
2007;01;10;2;105.5
2007;01;11;3;92.575
2007;01;12;4;108.275
2007;01;13;5;105.8
2007;01;14;6;92.75
2007;01;15;0;70.525
2007;01;16;1;86.4
2007;01;17;2;107.35
2007;01;18;3;118.725
2007;01;19;4;131.575
2007;01;20;5;116.2
2007;01;21;6;87.6
2007;01;22;0;58.75
2007;01;23;1;28.525
2007;01;24;2;9.55
2007;01;25;3;-5.4
2007;01;26;4;-7.25
2007;01;27;5;19.4
2007;01;28;6;34.5
2007;01;29;0;48.375
2007;01;30;1;52.7
2007;01;31;2;50.225
2007;02;01;3;61.75
2007;02;02;4;74.4
2007;02;03;5;72.525
2007;02;04;6;62.7
2007;02;05;0;58.975
2007;02;06;1;62.775
2007;02;07;2;62.05
2007;02;08;3;72.5
2007;02;09;4;74.0
2007;02;10;5;82.65
2007;02;11;6;101.975
2007;02;12;0;95.05
2007;02;13;1;91.1
2007;02;14;2;91.6
2007;02;15;3;86.95
2007;02;16;4;97.875
2007;02;17;5;103.35
2007;02;18;6;87.575
2007;02;19;0;87.3
2007;02;20;1;86.15
2007;02;21;2;93.0
2007;02;22;3;91.775
2007;02;23;4;101.325
2007;02;24;5;105.975
2007;02;25;6;92.4
2007;02;26;0;93.75
2007;02;27;1;97.15
2007;02;28;2;116.3
2007;03;01;3;104.875
2007;03;02;4;107.65
2007;03;03;5;123.825
2007;03;04;6;121.4
2007;03;05;0;108.325
2007;03;06;1;99.175
2007;03;07;2;96.9
2007;03;08;3;94.75
2007;03;09;4;89.375
2007;03;10;5;86.6
2007;03;11;6;88.1
2007;03;12;0;93.275
2007;03;13;1;99.425
2007;03;14;2;105.425
2007;03;15;3;104.45
2007;03;16;4;99.325
2007;03;17;5;95.325
2007;03;18;6;97.275
2007;03;19;0;54.9
2007;03;20;1;42.125
2007;03;21;2;49.725
2007;03;22;3;46.375
2007;03;23;4;56.25
2007;03;24;5;60.95
2007;03;25;6;71.675
2007;03;26;0;84.75
2007;03;27;1;96.75
2007;03;28;2;100.8
2007;03;29;3;94.125
2007;03;30;4;74.325
2007;03;31;5;66.05
2007;04;01;6;98.05
2007;04;02;0;127.975
2007;04;03;1;117.25
2007;04;04;2;82.725
2007;04;05;3;95.475
2007;04;06;4;113.6
2007;04;07;5;119.675
2007;04;08;6;117.35
2007;04;09;0;119.95
2007;04;10;1;126.65
2007;04;11;2;133.4
2007;04;12;3;144.4
2007;04;13;4;153.775
2007;04;14;5;160.85
2007;04;15;6;162.6
2007;04;16;0;165.225
2007;04;17;1;159.2
2007;04;18;2;146.075
2007;04;19;3;135.925
2007;04;20;4;146.325
2007;04;21;5;153.325
2007;04;22;6;162.8
2007;04;23;0;171.0
2007;04;24;1;178.9
2007;04;25;2;171.625
2007;04;26;3;171.25
2007;04;27;4;170.175
2007;04;28;5;172.275
2007;04;29;6;167.95
2007;04;30;0;162.85
2007;05;01;1;146.975
2007;05;02;2;139.5
2007;05;03;3;133.65
2007;05;04;4;135.05
2007;05;05;5;134.6
2007;05;06;6;139.95
2007;05;07;0;148.85
2007;05;08;1;159.975
2007;05;09;2;166.425
2007;05;10;3;177.175
2007;05;11;4;161.175
2007;05;12;5;173.3
2007;05;13;6;174.125
2007;05;14;0;141.5
2007;05;15;1;127.25
2007;05;16;2;136.15
2007;05;17;3;151.525
2007;05;18;4;173.65
2007;05;19;5;164.425
2007;05;20;6;165.025
2007;05;21;0;176.725
2007;05;22;1;184.525
2007;05;23;2;192.5
2007;05;24;3;204.6
2007;05;25;4;202.825
2007;05;26;5;172.9
2007;05;27;6;141.9
2007;05;28;0;120.15
2007;05;29;1;120.375
2007;05;30;2;142.325
2007;05;31;3;148.8
2007;06;01;4;142.95
2007;06;02;5;156.775
2007;06;03;6;174.125
2007;06;04;0;179.175
2007;06;05;1;185.875
2007;06;06;2;188.625
2007;06;07;3;190.025
2007;06;08;4;198.45
2007;06;09;5;206.95
2007;06;10;6;206.6
2007;06;11;0;197.375
2007;06;12;1;197.925
2007;06;13;2;198.5
2007;06;14;3;198.95
2007;06;15;4;183.45
2007;06;16;5;180.975
2007;06;17;6;180.925
2007;06;18;0;202.675
2007;06;19;1;224.075
2007;06;20;2;202.825
2007;06;21;3;186.575
2007;06;22;4;178.4
2007;06;23;5;179.2
2007;06;24;6;183.85
2007;06;25;0;173.225
2007;06;26;1;162.75
2007;06;27;2;153.225
2007;06;28;3;162.05
2007;06;29;4;168.775
2007;06;30;5;191.55
2007;07;01;6;191.75
2007;07;02;0;185.125
2007;07;03;1;172.4
2007;07;04;2;173.775
2007;07;05;3;166.95
2007;07;06;4;189.35
2007;07;07;5;191.9
2007;07;08;6;185.625
2007;07;09;0;166.35
2007;07;10;1;156.975
2007;07;11;2;169.275
2007;07;12;3;180.025
2007;07;13;4;210.175
2007;07;14;5;218.025
2007;07;15;6;230.3
2007;07;16;0;217.1
2007;07;17;1;211.075
2007;07;18;2;207.1
2007;07;19;3;207.25
2007;07;20;4;194.5
2007;07;21;5;180.775
2007;07;22;6;188.5
2007;07;23;0;189.125
2007;07;24;1;194.15
2007;07;25;2;188.825
2007;07;26;3;203.425
2007;07;27;4;209.325
2007;07;28;5;210.275
2007;07;29;6;204.9
2007;07;30;0;189.175
2007;07;31;1;181.775
2007;08;01;2;200.025
2007;08;02;3;197.125
2007;08;03;4;193.875
2007;08;04;5;207.1
2007;08;05;6;231.85
2007;08;06;0;203.05
2007;08;07;1;181.575
2007;08;08;2;173.15
2007;08;09;3;165.0
2007;08;10;4;169.6
2007;08;11;5;190.475
2007;08;12;6;199.025
2007;08;13;0;194.45
2007;08;14;1;203.6
2007;08;15;2;224.75
2007;08;16;3;188.4
2007;08;17;4;174.575
2007;08;18;5;175.375
2007;08;19;6;179.875
2007;08;20;0;166.225
2007;08;21;1;160.675
2007;08;22;2;165.9
2007;08;23;3;177.65
2007;08;24;4;190.675
2007;08;25;5;207.9
2007;08;26;6;223.975
2007;08;27;0;225.2
2007;08;28;1;208.925
2007;08;29;2;189.025
2007;08;30;3;174.125
2007;08;31;4;173.925
2007;09;01;5;179.425
2007;09;02;6;178.15
2007;09;03;0;173.775
2007;09;04;1;159.925
2007;09;05;2;146.55
2007;09;06;3;163.8
2007;09;07;4;180.825
2007;09;08;5;176.325
2007;09;09;6;178.875
2007;09;10;0;169.25
2007;09;11;1;166.35
2007;09;12;2;163.05
2007;09;13;3;177.6
2007;09;14;4;183.45
2007;09;15;5;185.9
2007;09;16;6;188.65
2007;09;17;0;180.675
2007;09;18;1;152.45
2007;09;19;2;131.425
2007;09;20;3;145.8
2007;09;21;4;164.8
2007;09;22;5;168.525
2007;09;23;6;174.7
2007;09;24;0;173.1
2007;09;25;1;147.025
2007;09;26;2;129.425
2007;09;27;3;110.175
2007;09;28;4;125.65
2007;09;29;5;133.25
2007;09;30;6;155.15
2007;10;01;0;183.0
2007;10;02;1;186.05
2007;10;03;2;178.85
2007;10;04;3;180.525
2007;10;05;4;175.075
2007;10;06;5;168.225
2007;10;07;6;163.25
2007;10;08;0;154.95
2007;10;09;1;146.9
2007;10;10;2;141.5
2007;10;11;3;136.6
2007;10;12;4;129.6
2007;10;13;5;140.75
2007;10;14;6;136.375
2007;10;15;0;143.125
2007;10;16;1;149.15
2007;10;17;2;149.3
2007;10;18;3;126.6
2007;10;19;4;103.0
2007;10;20;5;87.475
2007;10;21;6;75.525
2007;10;22;0;80.375
2007;10;23;1;79.05
2007;10;24;2;82.225
2007;10;25;3;91.05
2007;10;26;4;93.2
2007;10;27;5;108.525
2007;10;28;6;104.575
2007;10;29;0;109.05
2007;10;30;1;106.55
2007;10;31;2;96.85
2007;11;01;3;97.525
2007;11;02;4;107.05
2007;11;03;5;113.05
2007;11;04;6;117.5
2007;11;05;0;94.35
2007;11;06;1;92.1
2007;11;07;2;81.5
2007;11;08;3;99.25
2007;11;09;4;92.35
2007;11;10;5;76.375
2007;11;11;6;99.5
2007;11;12;0;86.475
2007;11;13;1;64.5
2007;11;14;2;76.95
2007;11;15;3;37.875
2007;11;16;4;23.225
2007;11;17;5;20.075
2007;11;18;6;29.225
2007;11;19;0;66.775
2007;11;20;1;102.25
2007;11;21;2;109.175
2007;11;22;3;103.425
2007;11;23;4;88.0
2007;11;24;5;67.575
2007;11;25;6;66.2
2007;11;26;0;77.775
2007;11;27;1;73.075
2007;11;28;2;54.675
2007;11;29;3;60.175
2007;11;30;4;80.1
2007;12;01;5;86.05
2007;12;02;6;98.525
2007;12;03;0;100.825
2007;12;04;1;100.125
2007;12;05;2;105.75
2007;12;06;3;110.6
2007;12;07;4;106.225
2007;12;08;5;92.6
2007;12;09;6;91.425
2007;12;10;0;82.525
2007;12;11;1;60.775
2007;12;12;2;39.6
2007;12;13;3;35.35
2007;12;14;4;25.675
2007;12;15;5;9.75
2007;12;16;6;1.225
2007;12;17;0;3.875
2007;12;18;1;13.075
2007;12;19;2;11.75
2007;12;20;3;19.725
2007;12;21;4;38.825
2007;12;22;5;45.725
2007;12;23;6;42.55
2007;12;24;0;36.375
2007;12;25;1;35.15
2007;12;26;2;44.025
2007;12;27;3;54.75
2007;12;28;4;50.9
2007;12;29;5;53.925
2007;12;30;6;61.575
2007;12;31;0;48.475
2008;01;01;1;30.9
2008;01;02;2;25.5
2008;01;03;3;47.85
2008;01;04;4;72.175
2008;01;05;5;86.075
2008;01;06;6;97.875
2008;01;07;0;92.825
2008;01;08;1;72.625
2008;01;09;2;77.875
2008;01;10;3;86.625
2008;01;11;4;97.525
2008;01;12;5;65.7
2008;01;13;6;61.95
2008;01;14;0;76.4
2008;01;15;1;81.075
2008;01;16;2;79.1
2008;01;17;3;87.65
2008;01;18;4;105.0
2008;01;19;5;116.75
2008;01;20;6;101.225
2008;01;21;0;85.775
2008;01;22;1;89.95
2008;01;23;2;73.5
2008;01;24;3;69.15
2008;01;25;4;65.9
2008;01;26;5;59.325
2008;01;27;6;56.95
2008;01;28;0;55.5
2008;01;29;1;44.45
2008;01;30;2;50.825
2008;01;31;3;51.275
2008;02;01;4;65.925
2008;02;02;5;52.7
2008;02;03;6;48.55
2008;02;04;0;67.2
2008;02;05;1;81.175
2008;02;06;2;96.675
2008;02;07;3;79.025
2008;02;08;4;77.425
2008;02;09;5;73.525
2008;02;10;6;67.0
2008;02;11;0;65.3
2008;02;12;1;65.75
2008;02;13;2;60.6
2008;02;14;3;55.3
2008;02;15;4;40.525
2008;02;16;5;40.2
2008;02;17;6;49.825
2008;02;18;0;59.1
2008;02;19;1;69.35
2008;02;20;2;86.175
2008;02;21;3;97.0
2008;02;22;4;101.025
2008;02;23;5;102.25
2008;02;24;6;104.375
2008;02;25;0;104.9
2008;02;26;1;106.075
2008;02;27;2;102.95
2008;02;28;3;107.025
2008;02;29;4;116.8
2008;03;01;5;122.675
2008;03;02;6;117.1
2008;03;03;0;94.025
2008;03;04;1;57.25
2008;03;05;2;46.925
2008;03;06;3;45.0
2008;03;07;4;67.25
2008;03;08;5;75.525
2008;03;09;6;76.6
2008;03;10;0;75.2
2008;03;11;1;99.875
2008;03;12;2;113.85
2008;03;13;3;103.925
2008;03;14;4;121.55
2008;03;15;5;121.75
2008;03;16;6;109.3
2008;03;17;0;92.425
2008;03;18;1;72.55
2008;03;19;2;59.55
2008;03;20;3;55.0
2008;03;21;4;73.425
2008;03;22;5;58.325
2008;03;23;6;39.025
2008;03;24;0;45.175
2008;03;25;1;69.15
2008;03;26;2;79.0
2008;03;27;3;73.425
2008;03;28;4;87.225
2008;03;29;5;103.725
2008;03;30;6;105.725
2008;03;31;0;95.225
2008;04;01;1;104.4
2008;04;02;2;119.625
2008;04;03;3;113.7
2008;04;04;4;101.3
2008;04;05;5;97.15
2008;04;06;6;74.2
2008;04;07;0;57.625
2008;04;08;1;73.95
2008;04;09;2;96.35
2008;04;10;3;100.725
2008;04;11;4;94.9
2008;04;12;5;95.3
2008;04;13;6;101.425
2008;04;14;0;93.675
2008;04;15;1;84.85
2008;04;16;2;86.3
2008;04;17;3;86.575
2008;04;18;4;101.6
2008;04;19;5;121.625
2008;04;20;6;118.1
2008;04;21;0;114.8
2008;04;22;1;122.775
2008;04;23;2;128.475
2008;04;24;3;128.65
2008;04;25;4;136.0
2008;04;26;5;148.325
2008;04;27;6;157.3
2008;04;28;0;120.35
2008;04;29;1;111.65
2008;04;30;2;110.325
2008;05;01;3;114.475
2008;05;02;4;133.125
2008;05;03;5;169.225
2008;05;04;6;175.75
2008;05;05;0;160.625
2008;05;06;1;160.125
2008;05;07;2;167.05
2008;05;08;3;168.375
2008;05;09;4;162.875
2008;05;10;5;177.45
2008;05;11;6;177.775
2008;05;12;0;165.025
2008;05;13;1;166.85
2008;05;14;2;166.8
2008;05;15;3;162.375
2008;05;16;4;154.425
2008;05;17;5;152.625
2008;05;18;6;145.075
2008;05;19;0;140.05
2008;05;20;1;144.75
2008;05;21;2;146.9
2008;05;22;3;156.625
2008;05;23;4;159.525
2008;05;24;5;168.1
2008;05;25;6;159.925
2008;05;26;0;169.87179487179486
2008;05;27;1;167.2
2008;05;28;2;173.375
2008;05;29;3;171.325
2008;05;30;4;174.725
2008;05;31;5;170.3
2008;06;01;6;173.7
2008;06;02;0;174.925
2008;06;03;1;166.1
2008;06;04;2;157.45
2008;06;05;3;152.475
2008;06;06;4;149.95
2008;06;07;5;142.475
2008;06;08;6;157.975
2008;06;09;0;184.9
2008;06;10;1;192.1
2008;06;11;2;184.925
2008;06;12;3;168.8
2008;06;13;4;148.275
2008;06;14;5;145.475
2008;06;15;6;145.4
2008;06;16;0;152.6
2008;06;17;1;165.8
2008;06;18;2;170.375
2008;06;19;3;182.675
2008;06;20;4;194.1
2008;06;21;5;216.925
2008;06;22;6;222.025
2008;06;23;0;204.475
2008;06;24;1;213.4
2008;06;25;2;211.125
2008;06;26;3;202.3
2008;06;27;4;200.325
2008;06;28;5;206.8
2008;06;29;6;213.075
2008;06;30;0;210.975
2008;07;01;1;225.275
2008;07;02;2;209.875
2008;07;03;3;182.95
2008;07;04;4;180.375
2008;07;05;5;199.75
2008;07;06;6;180.25
2008;07;07;0;176.75
2008;07;08;1;177.7
2008;07;09;2;188.225
2008;07;10;3;207.1
2008;07;11;4;197.725
2008;07;12;5;180.875
2008;07;13;6;170.325
2008;07;14;0;172.925
2008;07;15;1;188.975
2008;07;16;2;197.825
2008;07;17;3;192.075
2008;07;18;4;192.1
2008;07;19;5;205.775
2008;07;20;6;191.875
2008;07;21;0;173.1
2008;07;22;1;175.8
2008;07;23;2;198.075
2008;07;24;3;211.275
2008;07;25;4;208.8
2008;07;26;5;213.05
2008;07;27;6;216.925
2008;07;28;0;229.825
2008;07;29;1;217.3
2008;07;30;2;230.575
2008;07;31;3;241.35
2008;08;01;4;207.2
2008;08;02;5;205.625
2008;08;03;6;219.6
2008;08;04;0;216.775
2008;08;05;1;224.225
2008;08;06;2;235.4
2008;08;07;3;216.75
2008;08;08;4;202.775
2008;08;09;5;193.4
2008;08;10;6;201.95
2008;08;11;0;192.525
2008;08;12;1;200.15
2008;08;13;2;188.775
2008;08;14;3;173.15
2008;08;15;4;170.825
2008;08;16;5;168.125
2008;08;17;6;187.25
2008;08;18;0;202.0
2008;08;19;1;193.025
2008;08;20;2;187.9
2008;08;21;3;191.3
2008;08;22;4;183.825
2008;08;23;5;172.875
2008;08;24;6;168.55
2008;08;25;0;186.825
2008;08;26;1;191.85
2008;08;27;2;198.975
2008;08;28;3;198.175
2008;08;29;4;205.85
2008;08;30;5;223.15
2008;08;31;6;211.3
2008;09;01;0;197.525
2008;09;02;1;191.4
2008;09;03;2;180.725
2008;09;04;3;176.75
2008;09;05;4;196.85
2008;09;06;5;184.025
2008;09;07;6;173.625
2008;09;08;0;173.825
2008;09;09;1;189.825
2008;09;10;2;209.7
2008;09;11;3;196.625
2008;09;12;4;164.45
2008;09;13;5;145.8
2008;09;14;6;151.5
2008;09;15;0;141.025
2008;09;16;1;134.25
2008;09;17;2;139.8
2008;09;18;3;145.75
2008;09;19;4;157.075
2008;09;20;5;149.975
2008;09;21;6;139.375
2008;09;22;0;141.525
2008;09;23;1;138.25
2008;09;24;2;139.225
2008;09;25;3;142.15
2008;09;26;4;140.275
2008;09;27;5;137.95
2008;09;28;6;137.75
2008;09;29;0;135.275
2008;09;30;1;132.45
2008;10;01;2;150.6
2008;10;02;3;136.25
2008;10;03;4;110.775
2008;10;04;5;99.475
2008;10;05;6;124.925
2008;10;06;0;156.4
2008;10;07;1;162.325
2008;10;08;2;139.975
2008;10;09;3;133.8
2008;10;10;4;143.775
2008;10;11;5;159.875
2008;10;12;6;170.65
2008;10;13;0;173.175
2008;10;14;1;165.225
2008;10;15;2;165.825
2008;10;16;3;147.475
2008;10;17;4;124.85
2008;10;18;5;111.125
2008;10;19;6;119.425
2008;10;20;0;147.775
2008;10;21;1;142.7
2008;10;22;2;109.325
2008;10;23;3;100.775
2008;10;24;4;111.525
2008;10;25;5;123.225
2008;10;26;6;125.2
2008;10;27;0;116.375
2008;10;28;1;88.675
2008;10;29;2;66.25
2008;10;30;3;63.05
2008;10;31;4;85.65
2008;11;01;5;107.6
2008;11;02;6;104.65
2008;11;03;0;117.275
2008;11;04;1;106.9
2008;11;05;2;106.3
2008;11;06;3;105.3
2008;11;07;4;106.85
2008;11;08;5;106.475
2008;11;09;6;115.875
2008;11;10;0;132.475
2008;11;11;1;112.9
2008;11;12;2;94.4
2008;11;13;3;84.125
2008;11;14;4;84.2
2008;11;15;5;94.625
2008;11;16;6;101.925
2008;11;17;0;98.275
2008;11;18;1;92.7
2008;11;19;2;93.45
2008;11;20;3;92.9
2008;11;21;4;103.575
2008;11;22;5;71.325
2008;11;23;6;61.65
2008;11;24;0;53.45
2008;11;25;1;39.025
2008;11;26;2;42.175
2008;11;27;3;41.375
2008;11;28;4;37.875
2008;11;29;5;44.725
2008;11;30;6;55.625
2008;12;01;0;51.6
2008;12;02;1;49.625
2008;12;03;2;51.625
2008;12;04;3;66.625
2008;12;05;4;84.575
2008;12;06;5;79.025
2008;12;07;6;53.125
2008;12;08;0;38.625
2008;12;09;1;41.275
2008;12;10;2;31.975
2008;12;11;3;28.625
2008;12;12;4;27.25
2008;12;13;5;38.2
2008;12;14;6;41.6
2008;12;15;0;42.55
2008;12;16;1;36.475
2008;12;17;2;47.0
2008;12;18;3;54.35
2008;12;19;4;76.675
2008;12;20;5;79.825
2008;12;21;6;92.425
2008;12;22;0;78.15
2008;12;23;1;71.625
2008;12;24;2;50.3
2008;12;25;3;47.9
2008;12;26;4;28.825
2008;12;27;5;24.725
2008;12;28;6;14.975
2008;12;29;0;19.7
2008;12;30;1;33.65
2008;12;31;2;41.45
2009;01;01;3;40.25
2009;01;02;4;27.375
2009;01;03;5;13.65
2009;01;04;6;-1.8
2009;01;05;0;-0.55
2009;01;06;1;-11.0
2009;01;07;2;-21.7
2009;01;08;3;-3.8
2009;01;09;4;-10.4
2009;01;10;5;5.975
2009;01;11;6;18.375
2009;01;12;0;30.9
2009;01;13;1;44.8
2009;01;14;2;44.75
2009;01;15;3;44.775
2009;01;16;4;51.275
2009;01;17;5;64.625
2009;01;18;6;66.4
2009;01;19;0;81.4
2009;01;20;1;54.6
2009;01;21;2;43.45
2009;01;22;3;58.275
2009;01;23;4;86.15
2009;01;24;5;57.075
2009;01;25;6;51.8
2009;01;26;0;50.3
2009;01;27;1;48.1
2009;01;28;2;42.0
2009;01;29;3;42.75
2009;01;30;4;46.35
2009;01;31;5;50.675
2009;02;01;6;41.6
2009;02;02;0;39.9
2009;02;03;1;30.5
2009;02;04;2;51.225
2009;02;05;3;78.075
2009;02;06;4;67.425
2009;02;07;5;43.575
2009;02;08;6;36.95
2009;02;09;0;72.35
2009;02;10;1;72.975
2009;02;11;2;47.825
2009;02;12;3;38.425
2009;02;13;4;32.225
2009;02;14;5;30.0
2009;02;15;6;17.525
2009;02;16;0;33.3
2009;02;17;1;55.125
2009;02;18;2;61.7
2009;02;19;3;44.9
2009;02;20;4;53.25
2009;02;21;5;60.85
2009;02;22;6;61.6
2009;02;23;0;75.15
2009;02;24;1;74.6
2009;02;25;2;61.6
2009;02;26;3;65.075
2009;02;27;4;84.6
2009;02;28;5;87.65
2009;03;01;6;88.65
2009;03;02;0;85.65
2009;03;03;1;70.2
2009;03;04;2;57.575
2009;03;05;3;47.8
2009;03;06;4;57.15
2009;03;07;5;70.275
2009;03;08;6;90.925
2009;03;09;0;81.9
2009;03;10;1;78.775
2009;03;11;2;91.55
2009;03;12;3;87.35
2009;03;13;4;109.625
2009;03;14;5;103.575
2009;03;15;6;103.975
2009;03;16;0;102.35
2009;03;17;1;104.35
2009;03;18;2;115.075
2009;03;19;3;105.125
2009;03;20;4;86.5
2009;03;21;5;60.375
2009;03;22;6;72.45
2009;03;23;0;90.825
2009;03;24;1;79.9
2009;03;25;2;73.625
2009;03;26;3;94.9
2009;03;27;4;98.725
2009;03;28;5;84.1
2009;03;29;6;75.475
2009;03;30;0;75.45
2009;03;31;1;90.475
2009;04;01;2;101.175
2009;04;02;3;108.05
2009;04;03;4;113.05
2009;04;04;5;111.4
2009;04;05;6;120.925
2009;04;06;0;129.125
2009;04;07;1;112.65
2009;04;08;2;110.4
2009;04;09;3;136.075
2009;04;10;4;134.65
2009;04;11;5;115.5
2009;04;12;6;116.675
2009;04;13;0;128.675
2009;04;14;1;136.075
2009;04;15;2;134.8
2009;04;16;3;115.35
2009;04;17;4;109.2
2009;04;18;5;108.3
2009;04;19;6;115.4
2009;04;20;0;125.575
2009;04;21;1;135.15
2009;04;22;2;141.275
2009;04;23;3;135.1
2009;04;24;4;135.475
2009;04;25;5;121.05
2009;04;26;6;112.225
2009;04;27;0;112.25
2009;04;28;1;107.95
2009;04;29;2;110.05
2009;04;30;3;121.475
2009;05;01;4;132.45
2009;05;02;5;143.55
2009;05;03;6;141.675
2009;05;04;0;128.525
2009;05;05;1;127.45
2009;05;06;2;151.45
2009;05;07;3;154.65
2009;05;08;4;147.3
2009;05;09;5;147.525
2009;05;10;6;153.95
2009;05;11;0;171.275
2009;05;12;1;166.525
2009;05;13;2;166.475
2009;05;14;3;152.525
2009;05;15;4;134.875
2009;05;16;5;143.8
2009;05;17;6;150.275
2009;05;18;0;151.15
2009;05;19;1;155.9
2009;05;20;2;171.2
2009;05;21;3;175.2
2009;05;22;4;173.35
2009;05;23;5;186.15
2009;05;24;6;208.9
2009;05;25;0;207.45
2009;05;26;1;163.95
2009;05;27;2;141.25
2009;05;28;3;164.925
2009;05;29;4;182.825
2009;05;30;5;178.325
2009;05;31;6;178.725
2009;06;01;0;180.275
2009;06;02;1;189.675
2009;06;03;2;188.25
2009;06;04;3;175.9
2009;06;05;4;162.45
2009;06;06;5;155.725
2009;06;07;6;152.425
2009;06;08;0;153.05
2009;06;09;1;163.625
2009;06;10;2;166.125
2009;06;11;3;176.85
2009;06;12;4;178.025
2009;06;13;5;203.9
2009;06;14;6;202.1
2009;06;15;0;194.75
2009;06;16;1;184.625
2009;06;17;2;202.275
2009;06;18;3;209.55
2009;06;19;4;188.2
2009;06;20;5;164.35
2009;06;21;6;164.3
2009;06;22;0;169.175
2009;06;23;1;170.725
2009;06;24;2;188.875
2009;06;25;3;204.85
2009;06;26;4;202.15
2009;06;27;5;197.9
2009;06;28;6;216.35
2009;06;29;0;229.025
2009;06;30;1;239.675
2009;07;01;2;242.825
2009;07;02;3;230.75
2009;07;03;4;224.6
2009;07;04;5;223.95
2009;07;05;6;216.4
2009;07;06;0;203.0
2009;07;07;1;189.375
2009;07;08;2;183.85
2009;07;09;3;179.375
2009;07;10;4;179.075
2009;07;11;5;190.625
2009;07;12;6;206.3
2009;07;13;0;214.65
2009;07;14;1;210.375
2009;07;15;2;215.925
2009;07;16;3;227.875
2009;07;17;4;181.45
2009;07;18;5;175.0
2009;07;19;6;186.575
2009;07;20;0;198.2
2009;07;21;1;230.5
2009;07;22;2;223.725
2009;07;23;3;215.475
2009;07;24;4;201.1
2009;07;25;5;192.875
2009;07;26;6;199.7
2009;07;27;0;197.425
2009;07;28;1;200.725
2009;07;29;2;211.05
2009;07;30;3;201.45
2009;07;31;4;199.825
2009;08;01;5;209.25
2009;08;02;6;190.0
2009;08;03;0;189.5
2009;08;04;1;205.075
2009;08;05;2;223.825
2009;08;06;3;222.95
2009;08;07;4;209.525
2009;08;08;5;208.85
2009;08;09;6;202.925
2009;08;10;0;206.8
2009;08;11;1;210.65
2009;08;12;2;214.475
2009;08;13;3;219.55
2009;08;14;4;223.1
2009;08;15;5;233.7
2009;08;16;6;238.0
2009;08;17;0;226.075
2009;08;18;1;227.0
2009;08;19;2;249.175
2009;08;20;3;244.925
2009;08;21;4;211.475
2009;08;22;5;211.975
2009;08;23;6;219.3
2009;08;24;0;217.975
2009;08;25;1;203.275
2009;08;26;2;211.225
2009;08;27;3;220.325
2009;08;28;4;206.7
2009;08;29;5;178.325
2009;08;30;6;177.15
2009;08;31;0;212.625
2009;09;01;1;210.975
2009;09;02;2;194.475
2009;09;03;3;194.6
2009;09;04;4;179.775
2009;09;05;5;157.825
2009;09;06;6;170.75
2009;09;07;0;191.15
2009;09;08;1;206.35
2009;09;09;2;199.075
2009;09;10;3;198.425
2009;09;11;4;191.35
2009;09;12;5;184.5
2009;09;13;6;177.85
2009;09;14;0;165.95
2009;09;15;1;150.625
2009;09;16;2;153.25
2009;09;17;3;171.95
2009;09;18;4;180.65
2009;09;19;5;174.375
2009;09;20;6;173.65
2009;09;21;0;177.025
2009;09;22;1;183.025
2009;09;23;2;183.35
2009;09;24;3;183.375
2009;09;25;4;176.125
2009;09;26;5;168.45
2009;09;27;6;173.7
2009;09;28;0;175.05
2009;09;29;1;175.0
2009;09;30;2;172.375
2009;10;01;3;170.3
2009;10;02;4;153.325
2009;10;03;5;143.2
2009;10;04;6;157.5
2009;10;05;0;175.025
2009;10;06;1;200.925
2009;10;07;2;204.45
2009;10;08;3;183.975
2009;10;09;4;169.025
2009;10;10;5;173.275
2009;10;11;6;157.375
2009;10;12;0;148.875
2009;10;13;1;118.45
2009;10;14;2;110.525
2009;10;15;3;77.075
2009;10;16;4;81.075
2009;10;17;5;100.825
2009;10;18;6;84.1
2009;10;19;0;82.725
2009;10;20;1;118.225
2009;10;21;2;127.3
2009;10;22;3;120.925
2009;10;23;4;129.95
2009;10;24;5;149.825
2009;10;25;6;150.05
2009;10;26;0;130.85
2009;10;27;1;130.95
2009;10;28;2;132.1
2009;10;29;3;138.4
2009;10;30;4;130.925
2009;10;31;5;131.6
2009;11;01;6;142.45
2009;11;02;0;110.925
2009;11;03;1;113.0
2009;11;04;2;110.525
2009;11;05;3;98.55
2009;11;06;4;92.6
2009;11;07;5;86.725
2009;11;08;6;79.425
2009;11;09;0;77.5
2009;11;10;1;71.35
2009;11;11;2;83.125
2009;11;12;3;107.5
2009;11;13;4;134.55
2009;11;14;5;135.55
2009;11;15;6;122.65
2009;11;16;0;139.1
2009;11;17;1;127.75
2009;11;18;2;118.975
2009;11;19;3;115.8
2009;11;20;4;132.525
2009;11;21;5;134.175
2009;11;22;6;119.625
2009;11;23;0;116.5
2009;11;24;1;128.675
2009;11;25;2;106.45
2009;11;26;3;107.275
2009;11;27;4;93.4
2009;11;28;5;95.675
2009;11;29;6;92.225
2009;11;30;0;68.3
2009;12;01;1;66.4
2009;12;02;2;76.225
2009;12;03;3;84.05
2009;12;04;4;69.925
2009;12;05;5;87.8
2009;12;06;6;105.1
2009;12;07;0;100.6
2009;12;08;1;93.25
2009;12;09;2;103.1
2009;12;10;3;94.95
2009;12;11;4;69.125
2009;12;12;5;48.15
2009;12;13;6;27.45
2009;12;14;0;15.1
2009;12;15;1;0.6
2009;12;16;2;-6.075
2009;12;17;3;-5.375
2009;12;18;4;-4.75
2009;12;19;5;-26.175
2009;12;20;6;-3.25
2009;12;21;0;30.875
2009;12;22;1;63.7
2009;12;23;2;51.775
2009;12;24;3;75.65
2009;12;25;4;69.675
2009;12;26;5;40.65
2009;12;27;6;54.375
2009;12;28;0;62.2
2009;12;29;1;94.925
2009;12;30;2;104.85
2009;12;31;3;83.35
2010;01;01;4;45.05
2010;01;02;5;20.9
2010;01;03;6;16.1
2010;01;04;0;6.125
2010;01;05;1;1.975
2010;01;06;2;-0.225
2010;01;07;3;-4.875
2010;01;08;4;-8.225
2010;01;09;5;-17.55
2010;01;10;6;-7.525
2010;01;11;0;-5.55
2010;01;12;1;3.55
2010;01;13;2;39.1
2010;01;14;3;44.8
2010;01;15;4;45.95
2010;01;16;5;57.5
2010;01;17;6;77.525
2010;01;18;0;52.25
2010;01;19;1;40.375
2010;01;20;2;54.375
2010;01;21;3;53.45
2010;01;22;4;55.4
2010;01;23;5;48.325
2010;01;24;6;51.6
2010;01;25;0;42.5
2010;01;26;1;20.625
2010;01;27;2;13.275
2010;01;28;3;26.525
2010;01;29;4;50.475
2010;01;30;5;29.5
2010;01;31;6;4.9
2010;02;01;0;12.975
2010;02;02;1;37.975
2010;02;03;2;62.725
2010;02;04;3;62.175
2010;02;05;4;79.175
2010;02;06;5;70.8
2010;02;07;6;57.7
2010;02;08;0;36.875
2010;02;09;1;23.025
2010;02;10;2;5.975
2010;02;11;3;-18.7
2010;02;12;4;-6.1
2010;02;13;5;-7.65
2010;02;14;6;-2.475
2010;02;15;0;2.675
2010;02;16;1;21.075
2010;02;17;2;47.2
2010;02;18;3;74.125
2010;02;19;4;59.825
2010;02;20;5;46.025
2010;02;21;6;56.625
2010;02;22;0;89.575
2010;02;23;1;101.875
2010;02;24;2;98.125
2010;02;25;3;101.175
2010;02;26;4;91.75
2010;02;27;5;89.25
2010;02;28;6;101.025
2010;03;01;0;70.25
2010;03;02;1;80.875
2010;03;03;2;71.85
2010;03;04;3;65.475
2010;03;05;4;42.175
2010;03;06;5;35.675
2010;03;07;6;14.3
2010;03;08;0;17.725
2010;03;09;1;11.3
2010;03;10;2;17.25
2010;03;11;3;19.325
2010;03;12;4;31.15
2010;03;13;5;45.9
2010;03;14;6;56.825
2010;03;15;0;67.25
2010;03;16;1;78.525
2010;03;17;2;98.025
2010;03;18;3;110.525
2010;03;19;4;133.275
2010;03;20;5;133.6
2010;03;21;6;114.875
2010;03;22;0;105.3
2010;03;23;1;114.2
2010;03;24;2;132.925
2010;03;25;3;135.525
2010;03;26;4;109.7
2010;03;27;5;99.4
2010;03;28;6;111.975
2010;03;29;0;129.4
2010;03;30;1;97.375
2010;03;31;2;89.75
2010;04;01;3;77.475
2010;04;02;4;86.55
2010;04;03;5;93.8
2010;04;04;6;92.75
2010;04;05;0;88.925
2010;04;06;1;112.4
2010;04;07;2;111.375
2010;04;08;3;102.2
2010;04;09;4;116.325
2010;04;10;5;122.575
2010;04;11;6;105.4
2010;04;12;0;87.925
2010;04;13;1;91.85
2010;04;14;2;92.425
2010;04;15;3;102.55
2010;04;16;4;109.075
2010;04;17;5;113.625
2010;04;18;6;125.05
2010;04;19;0;130.025
2010;04;20;1;129.45
2010;04;21;2;124.925
2010;04;22;3;127.5
2010;04;23;4;128.95
2010;04;24;5;144.6
2010;04;25;6;153.05
2010;04;26;0;151.675
2010;04;27;1;149.525
2010;04;28;2;168.775
2010;04;29;3;173.075
2010;04;30;4;144.375
2010;05;01;5;136.15
2010;05;02;6;127.0
2010;05;03;0;100.675
2010;05;04;1;89.6
2010;05;05;2;82.925
2010;05;06;3;92.6
2010;05;07;4;98.3
2010;05;08;5;114.775
2010;05;09;6;125.675
2010;05;10;0;134.525
2010;05;11;1;120.15
2010;05;12;2;108.1
2010;05;13;3;99.975
2010;05;14;4;97.4
2010;05;15;5;109.2
2010;05;16;6;118.875
2010;05;17;0;131.9
2010;05;18;1;132.475
2010;05;19;2;135.075
2010;05;20;3;143.8
2010;05;21;4;164.975
2010;05;22;5;172.075
2010;05;23;6;181.95
2010;05;24;0;195.65
2010;05;25;1;194.75
2010;05;26;2;173.1
2010;05;27;3;162.225
2010;05;28;4;153.675
2010;05;29;5;152.675
2010;05;30;6;170.65
2010;05;31;0;158.3
2010;06;01;1;155.2
2010;06;02;2;166.875
2010;06;03;3;175.15
2010;06;04;4;193.9
2010;06;05;5;206.025
2010;06;06;6;186.025
2010;06;07;0;179.25
2010;06;08;1;179.35
2010;06;09;2;185.475
2010;06;10;3;201.55
2010;06;11;4;187.675
2010;06;12;5;179.05
2010;06;13;6;173.75
2010;06;14;0;162.525
2010;06;15;1;160.8
2010;06;16;2;161.275
2010;06;17;3;165.625
2010;06;18;4;168.925
2010;06;19;5;154.0
2010;06;20;6;132.65
2010;06;21;0;143.35
2010;06;22;1;161.45
2010;06;23;2;177.6
2010;06;24;3;190.0
2010;06;25;4;200.325
2010;06;26;5;212.4
2010;06;27;6;219.475
2010;06;28;0;222.125
2010;06;29;1;222.35
2010;06;30;2;226.475
2010;07;01;3;235.1
2010;07;02;4;238.1
2010;07;03;5;221.625
2010;07;04;6;220.7
2010;07;05;0;214.225
2010;07;06;1;205.525
2010;07;07;2;213.2
2010;07;08;3;238.175
2010;07;09;4;243.7
2010;07;10;5;240.375
2010;07;11;6;239.75
2010;07;12;0;229.85
2010;07;13;1;229.075
2010;07;14;2;226.9
2010;07;15;3;215.275
2010;07;16;4;215.375
2010;07;17;5;202.325
2010;07;18;6;199.6
2010;07;19;0;220.725
2010;07;20;1;229.85
2010;07;21;2;212.1
2010;07;22;3;198.525
2010;07;23;4;192.275
2010;07;24;5;187.75
2010;07;25;6;192.8
2010;07;26;0;202.75
2010;07;27;1;212.425
2010;07;28;2;214.7
2010;07;29;3;204.2
2010;07;30;4;196.175
2010;07;31;5;211.075
2010;08;01;6;205.15
2010;08;02;0;199.325
2010;08;03;1;195.65
2010;08;04;2;194.5
2010;08;05;3;188.425
2010;08;06;4;181.85
2010;08;07;5;198.125
2010;08;08;6;203.6
2010;08;09;0;201.15
2010;08;10;1;203.425
2010;08;11;2;208.925
2010;08;12;3;197.1
2010;08;13;4;184.65
2010;08;14;5;174.9
2010;08;15;6;173.35
2010;08;16;0;176.325
2010;08;17;1;183.475
2010;08;18;2;188.925
2010;08;19;3;199.025
2010;08;20;4;223.575
2010;08;21;5;239.325
2010;08;22;6;235.5
2010;08;23;0;223.3
2010;08;24;1;199.375
2010;08;25;2;198.725
2010;08;26;3;236.925
2010;08;27;4;218.625
2010;08;28;5;185.65
2010;08;29;6;168.8
2010;08;30;0;163.2
2010;08;31;1;163.75
2010;09;01;2;173.175
2010;09;02;3;185.875
2010;09;03;4;193.9
2010;09;04;5;191.5
2010;09;05;6;197.65
2010;09;06;0;194.925
2010;09;07;1;183.6
2010;09;08;2;174.925
2010;09;09;3;174.25
2010;09;10;4;176.575
2010;09;11;5;186.25
2010;09;12;6;184.3
2010;09;13;0;167.325
2010;09;14;1;176.15
2010;09;15;2;173.2
2010;09;16;3;162.75
2010;09;17;4;155.4
2010;09;18;5;143.375
2010;09;19;6;139.725
2010;09;20;0;156.375
2010;09;21;1;174.975
2010;09;22;2;185.325
2010;09;23;3;185.025
2010;09;24;4;162.475
2010;09;25;5;139.35
2010;09;26;6;115.425
2010;09;27;0;115.6
2010;09;28;1;130.15
2010;09;29;2;140.85
2010;09;30;3;144.35
2010;10;01;4;148.725
2010;10;02;5;174.95
2010;10;03;6;185.675
2010;10;04;0;171.1
2010;10;05;1;159.225
2010;10;06;2;167.675
2010;10;07;3;172.125
2010;10;08;4;186.7
2010;10;09;5;181.525
2010;10;10;6;163.575
2010;10;11;0;143.65
2010;10;12;1;143.525
2010;10;13;2;126.175
2010;10;14;3;116.425
2010;10;15;4;108.85
2010;10;16;5;110.175
2010;10;17;6;89.5
2010;10;18;0;86.85
2010;10;19;1;103.325
2010;10;20;2;102.55
2010;10;21;3;76.775
2010;10;22;4;91.25
2010;10;23;5;104.55
2010;10;24;6;104.45
2010;10;25;0;81.825
2010;10;26;1;72.975
2010;10;27;2;98.275
2010;10;28;3;112.225
2010;10;29;4;119.075
2010;10;30;5;124.75
2010;10;31;6;126.625
2010;11;01;0;121.7
2010;11;02;1;117.85
2010;11;03;2;137.025
2010;11;04;3;151.0
2010;11;05;4;144.325
2010;11;06;5;127.95
2010;11;07;6;92.1
2010;11;08;0;74.225
2010;11;09;1;92.9
2010;11;10;2;88.275
2010;11;11;3;89.6
2010;11;12;4;133.45
2010;11;13;5;138.175
2010;11;14;6;126.35
2010;11;15;0;95.0
2010;11;16;1;76.375
2010;11;17;2;65.825
2010;11;18;3;83.15
2010;11;19;4;80.975
2010;11;20;5;83.475
2010;11;21;6;74.875
2010;11;22;0;66.85
2010;11;23;1;58.925
2010;11;24;2;51.9
2010;11;25;3;40.825
2010;11;26;4;25.25
2010;11;27;5;13.125
2010;11;28;6;21.2
2010;11;29;0;17.225
2010;11;30;1;8.95
